"acq_PA","acq_PE","acq_tot","sim_id","scenario"
23,10,33,1,0
26,10,36,2,0
24,22,46,3,0
31,16,47,4,0
32,28,60,5,0
18,15,33,6,0
23,19,42,7,0
25,14,39,8,0
32,18,50,9,0
26,17,43,10,0
30,21,51,11,0
21,27,48,12,0
23,9,32,13,0
24,17,41,14,0
31,19,50,15,0
28,21,49,16,0
19,10,29,17,0
27,12,39,18,0
28,18,46,19,0
28,21,49,20,0
31,18,49,21,0
20,14,34,22,0
25,16,41,23,0
23,15,38,24,0
37,23,60,25,0
18,16,34,26,0
10,8,18,27,0
21,15,36,28,0
18,10,28,29,0
19,16,35,30,0
18,14,32,31,0
30,14,44,32,0
22,16,38,33,0
25,17,42,34,0
21,17,38,35,0
32,15,47,36,0
17,9,26,37,0
28,16,44,38,0
24,18,42,39,0
22,24,46,40,0
26,24,50,41,0
22,21,43,42,0
32,16,48,43,0
19,21,40,44,0
20,13,33,45,0
26,16,42,46,0
26,15,41,47,0
18,17,35,48,0
23,12,35,49,0
21,19,40,50,0
20,21,41,51,0
23,25,48,52,0
28,21,49,53,0
26,16,42,54,0
27,18,45,55,0
23,22,45,56,0
25,9,34,57,0
22,18,40,58,0
25,18,43,59,0
39,17,56,60,0
24,10,34,61,0
15,12,27,62,0
27,14,41,63,0
19,8,27,64,0
23,14,37,65,0
22,10,32,66,0
24,12,36,67,0
27,16,43,68,0
17,15,32,69,0
18,15,33,70,0
25,28,53,71,0
27,21,48,72,0
25,19,44,73,0
11,13,24,74,0
20,13,33,75,0
26,20,46,76,0
13,11,24,77,0
27,21,48,78,0
24,15,39,79,0
27,16,43,80,0
21,17,38,81,0
29,13,42,82,0
31,27,58,83,0
23,12,35,84,0
26,11,37,85,0
25,14,39,86,0
25,16,41,87,0
27,16,43,88,0
29,17,46,89,0
24,18,42,90,0
21,8,29,91,0
29,26,55,92,0
21,17,38,93,0
22,19,41,94,0
23,22,45,95,0
20,14,34,96,0
15,19,34,97,0
26,17,43,98,0
26,16,42,99,0
24,13,37,100,0
20,15,35,101,0
23,17,40,102,0
26,16,42,103,0
26,14,40,104,0
23,10,33,105,0
18,11,29,106,0
40,25,65,107,0
22,11,33,108,0
20,3,23,109,0
30,18,48,110,0
24,13,37,111,0
23,12,35,112,0
29,13,42,113,0
32,19,51,114,0
23,13,36,115,0
35,17,52,116,0
29,17,46,117,0
12,15,27,118,0
27,29,56,119,0
26,18,44,120,0
17,10,27,121,0
25,13,38,122,0
26,10,36,123,0
28,12,40,124,0
23,22,45,125,0
26,12,38,126,0
29,26,55,127,0
37,15,52,128,0
13,5,18,129,0
30,22,52,130,0
32,23,55,131,0
26,24,50,132,0
22,17,39,133,0
25,19,44,134,0
24,6,30,135,0
26,13,39,136,0
31,10,41,137,0
24,16,40,138,0
19,20,39,139,0
25,16,41,140,0
14,14,28,141,0
25,12,37,142,0
26,19,45,143,0
19,19,38,144,0
23,18,41,145,0
26,15,41,146,0
21,17,38,147,0
40,18,58,148,0
22,11,33,149,0
21,23,44,150,0
27,26,53,151,0
17,22,39,152,0
13,6,19,153,0
32,20,52,154,0
17,17,34,155,0
24,21,45,156,0
22,20,42,157,0
23,9,32,158,0
20,12,32,159,0
25,18,43,160,0
25,18,43,161,0
33,21,54,162,0
24,25,49,163,0
24,24,48,164,0
23,13,36,165,0
24,12,36,166,0
21,17,38,167,0
26,21,47,168,0
31,16,47,169,0
19,30,49,170,0
22,9,31,171,0
22,16,38,172,0
19,15,34,173,0
20,15,35,174,0
25,22,47,175,0
36,17,53,176,0
18,12,30,177,0
16,15,31,178,0
23,15,38,179,0
26,22,48,180,0
27,20,47,181,0
23,12,35,182,0
21,18,39,183,0
27,19,46,184,0
23,18,41,185,0
22,24,46,186,0
17,12,29,187,0
20,15,35,188,0
21,20,41,189,0
26,19,45,190,0
35,15,50,191,0
18,16,34,192,0
32,18,50,193,0
11,20,31,194,0
22,21,43,195,0
23,13,36,196,0
24,11,35,197,0
34,19,53,198,0
30,22,52,199,0
23,9,32,200,0
34,24,58,201,0
17,12,29,202,0
34,27,61,203,0
24,28,52,204,0
24,16,40,205,0
21,16,37,206,0
38,17,55,207,0
21,15,36,208,0
32,24,56,209,0
24,9,33,210,0
31,15,46,211,0
36,26,62,212,0
26,25,51,213,0
19,11,30,214,0
21,16,37,215,0
17,10,27,216,0
26,31,57,217,0
17,20,37,218,0
34,26,60,219,0
21,14,35,220,0
24,22,46,221,0
30,10,40,222,0
17,13,30,223,0
21,15,36,224,0
29,18,47,225,0
29,21,50,226,0
16,11,27,227,0
30,24,54,228,0
18,9,27,229,0
15,14,29,230,0
29,16,45,231,0
26,9,35,232,0
17,17,34,233,0
28,24,52,234,0
30,26,56,235,0
25,15,40,236,0
26,18,44,237,0
24,12,36,238,0
26,14,40,239,0
28,19,47,240,0
16,6,22,241,0
32,17,49,242,0
25,16,41,243,0
27,14,41,244,0
21,19,40,245,0
27,22,49,246,0
31,14,45,247,0
19,20,39,248,0
33,17,50,249,0
25,20,45,250,0
29,23,52,251,0
28,9,37,252,0
19,13,32,253,0
21,16,37,254,0
28,22,50,255,0
23,14,37,256,0
29,26,55,257,0
23,19,42,258,0
18,18,36,259,0
23,22,45,260,0
13,27,40,261,0
26,22,48,262,0
18,15,33,263,0
31,19,50,264,0
21,11,32,265,0
23,21,44,266,0
21,19,40,267,0
20,12,32,268,0
19,19,38,269,0
25,18,43,270,0
28,21,49,271,0
21,12,33,272,0
17,8,25,273,0
19,17,36,274,0
23,17,40,275,0
30,17,47,276,0
26,27,53,277,0
20,23,43,278,0
16,19,35,279,0
25,16,41,280,0
23,11,34,281,0
30,22,52,282,0
21,13,34,283,0
16,18,34,284,0
32,21,53,285,0
27,25,52,286,0
22,19,41,287,0
24,20,44,288,0
31,16,47,289,0
22,17,39,290,0
32,10,42,291,0
31,9,40,292,0
20,14,34,293,0
32,18,50,294,0
20,20,40,295,0
26,12,38,296,0
24,10,34,297,0
25,19,44,298,0
22,20,42,299,0
22,18,40,300,0
33,19,52,301,0
22,12,34,302,0
16,13,29,303,0
13,9,22,304,0
22,17,39,305,0
33,27,60,306,0
14,16,30,307,0
14,13,27,308,0
23,23,46,309,0
24,19,43,310,0
29,17,46,311,0
24,17,41,312,0
32,13,45,313,0
19,20,39,314,0
30,13,43,315,0
17,17,34,316,0
28,11,39,317,0
24,14,38,318,0
19,27,46,319,0
31,17,48,320,0
20,11,31,321,0
30,19,49,322,0
19,9,28,323,0
18,20,38,324,0
19,15,34,325,0
25,23,48,326,0
25,20,45,327,0
30,23,53,328,0
26,12,38,329,0
30,8,38,330,0
30,25,55,331,0
29,26,55,332,0
25,13,38,333,0
31,24,55,334,0
20,7,27,335,0
11,14,25,336,0
17,23,40,337,0
24,17,41,338,0
25,19,44,339,0
21,16,37,340,0
30,15,45,341,0
21,9,30,342,0
25,21,46,343,0
26,20,46,344,0
25,21,46,345,0
24,13,37,346,0
23,16,39,347,0
24,17,41,348,0
19,16,35,349,0
23,16,39,350,0
33,29,62,351,0
24,17,41,352,0
18,8,26,353,0
25,10,35,354,0
26,16,42,355,0
24,19,43,356,0
32,24,56,357,0
27,17,44,358,0
22,10,32,359,0
13,10,23,360,0
25,24,49,361,0
25,19,44,362,0
21,20,41,363,0
18,13,31,364,0
29,18,47,365,0
15,16,31,366,0
21,17,38,367,0
33,10,43,368,0
33,23,56,369,0
13,13,26,370,0
24,26,50,371,0
32,30,62,372,0
23,9,32,373,0
21,20,41,374,0
15,18,33,375,0
19,14,33,376,0
20,14,34,377,0
22,12,34,378,0
15,24,39,379,0
21,19,40,380,0
30,20,50,381,0
25,21,46,382,0
21,15,36,383,0
24,14,38,384,0
20,16,36,385,0
29,15,44,386,0
26,22,48,387,0
18,18,36,388,0
21,25,46,389,0
24,14,38,390,0
15,13,28,391,0
29,16,45,392,0
24,15,39,393,0
29,18,47,394,0
23,24,47,395,0
19,17,36,396,0
16,20,36,397,0
27,21,48,398,0
21,12,33,399,0
27,16,43,400,0
29,22,51,401,0
28,21,49,402,0
24,13,37,403,0
25,15,40,404,0
21,19,40,405,0
33,37,70,406,0
19,18,37,407,0
31,31,62,408,0
20,14,34,409,0
20,16,36,410,0
28,24,52,411,0
30,13,43,412,0
25,19,44,413,0
26,16,42,414,0
25,23,48,415,0
19,13,32,416,0
18,19,37,417,0
29,14,43,418,0
26,17,43,419,0
25,25,50,420,0
20,12,32,421,0
18,11,29,422,0
18,15,33,423,0
19,15,34,424,0
24,11,35,425,0
18,10,28,426,0
16,16,32,427,0
26,25,51,428,0
25,19,44,429,0
21,15,36,430,0
17,16,33,431,0
19,16,35,432,0
19,14,33,433,0
23,13,36,434,0
21,19,40,435,0
23,16,39,436,0
24,9,33,437,0
19,11,30,438,0
21,18,39,439,0
30,23,53,440,0
25,23,48,441,0
22,16,38,442,0
21,12,33,443,0
29,15,44,444,0
31,23,54,445,0
27,17,44,446,0
26,21,47,447,0
31,17,48,448,0
26,12,38,449,0
23,11,34,450,0
27,35,62,451,0
24,14,38,452,0
27,11,38,453,0
27,21,48,454,0
27,14,41,455,0
27,26,53,456,0
32,36,68,457,0
30,19,49,458,0
14,15,29,459,0
31,10,41,460,0
27,18,45,461,0
26,22,48,462,0
27,12,39,463,0
15,15,30,464,0
36,31,67,465,0
27,16,43,466,0
16,21,37,467,0
27,18,45,468,0
30,18,48,469,0
22,15,37,470,0
22,15,37,471,0
14,8,22,472,0
38,20,58,473,0
26,15,41,474,0
20,7,27,475,0
24,18,42,476,0
25,20,45,477,0
31,17,48,478,0
22,21,43,479,0
21,15,36,480,0
27,20,47,481,0
25,14,39,482,0
21,12,33,483,0
25,25,50,484,0
32,19,51,485,0
27,12,39,486,0
23,19,42,487,0
23,15,38,488,0
16,13,29,489,0
24,9,33,490,0
19,13,32,491,0
12,13,25,492,0
19,11,30,493,0
15,17,32,494,0
31,18,49,495,0
17,19,36,496,0
22,17,39,497,0
24,15,39,498,0
26,17,43,499,0
21,19,40,500,0
26,28,54,501,0
27,10,37,502,0
26,11,37,503,0
26,25,51,504,0
18,18,36,505,0
16,11,27,506,0
14,18,32,507,0
19,7,26,508,0
19,21,40,509,0
26,12,38,510,0
26,18,44,511,0
14,12,26,512,0
22,18,40,513,0
27,19,46,514,0
24,22,46,515,0
29,13,42,516,0
30,17,47,517,0
23,23,46,518,0
32,22,54,519,0
18,14,32,520,0
19,16,35,521,0
32,25,57,522,0
26,15,41,523,0
8,7,15,524,0
26,12,38,525,0
18,9,27,526,0
12,9,21,527,0
21,18,39,528,0
25,13,38,529,0
33,13,46,530,0
25,16,41,531,0
30,13,43,532,0
23,18,41,533,0
28,13,41,534,0
19,11,30,535,0
22,12,34,536,0
23,9,32,537,0
17,14,31,538,0
23,12,35,539,0
22,24,46,540,0
21,6,27,541,0
28,16,44,542,0
25,12,37,543,0
29,17,46,544,0
22,22,44,545,0
25,11,36,546,0
20,10,30,547,0
24,15,39,548,0
21,9,30,549,0
30,17,47,550,0
16,10,26,551,0
26,20,46,552,0
19,18,37,553,0
25,21,46,554,0
19,12,31,555,0
21,27,48,556,0
32,19,51,557,0
20,18,38,558,0
21,24,45,559,0
20,18,38,560,0
24,19,43,561,0
29,18,47,562,0
18,27,45,563,0
22,18,40,564,0
22,21,43,565,0
19,17,36,566,0
23,19,42,567,0
19,13,32,568,0
31,19,50,569,0
25,17,42,570,0
21,12,33,571,0
26,19,45,572,0
20,16,36,573,0
20,14,34,574,0
30,21,51,575,0
29,11,40,576,0
25,20,45,577,0
26,19,45,578,0
26,20,46,579,0
23,30,53,580,0
24,14,38,581,0
30,14,44,582,0
32,22,54,583,0
17,12,29,584,0
24,21,45,585,0
26,11,37,586,0
19,12,31,587,0
24,12,36,588,0
26,21,47,589,0
22,11,33,590,0
27,23,50,591,0
28,24,52,592,0
23,11,34,593,0
22,11,33,594,0
16,15,31,595,0
33,19,52,596,0
22,13,35,597,0
23,27,50,598,0
14,11,25,599,0
26,19,45,600,0
22,13,35,601,0
25,12,37,602,0
18,8,26,603,0
27,16,43,604,0
23,10,33,605,0
30,18,48,606,0
29,14,43,607,0
20,10,30,608,0
33,26,59,609,0
21,23,44,610,0
20,16,36,611,0
27,20,47,612,0
25,25,50,613,0
26,29,55,614,0
21,17,38,615,0
27,11,38,616,0
25,19,44,617,0
20,19,39,618,0
26,23,49,619,0
25,10,35,620,0
20,14,34,621,0
30,17,47,622,0
22,15,37,623,0
23,11,34,624,0
31,29,60,625,0
21,14,35,626,0
33,27,60,627,0
25,15,40,628,0
27,22,49,629,0
13,9,22,630,0
17,14,31,631,0
21,16,37,632,0
27,15,42,633,0
19,14,33,634,0
25,15,40,635,0
19,13,32,636,0
25,8,33,637,0
24,18,42,638,0
28,29,57,639,0
19,10,29,640,0
29,23,52,641,0
31,14,45,642,0
35,10,45,643,0
20,12,32,644,0
19,12,31,645,0
23,18,41,646,0
19,5,24,647,0
32,23,55,648,0
17,9,26,649,0
37,16,53,650,0
25,26,51,651,0
20,18,38,652,0
24,16,40,653,0
14,14,28,654,0
19,11,30,655,0
31,25,56,656,0
24,16,40,657,0
30,21,51,658,0
25,16,41,659,0
16,11,27,660,0
27,13,40,661,0
22,10,32,662,0
23,21,44,663,0
23,22,45,664,0
30,14,44,665,0
40,20,60,666,0
21,13,34,667,0
19,6,25,668,0
24,15,39,669,0
26,13,39,670,0
22,12,34,671,0
29,13,42,672,0
28,19,47,673,0
22,12,34,674,0
18,10,28,675,0
21,10,31,676,0
20,22,42,677,0
26,19,45,678,0
34,20,54,679,0
30,19,49,680,0
21,30,51,681,0
31,17,48,682,0
24,14,38,683,0
40,21,61,684,0
31,18,49,685,0
29,9,38,686,0
23,18,41,687,0
31,14,45,688,0
21,16,37,689,0
22,24,46,690,0
30,18,48,691,0
23,11,34,692,0
28,19,47,693,0
26,20,46,694,0
22,15,37,695,0
15,14,29,696,0
31,27,58,697,0
15,11,26,698,0
24,28,52,699,0
25,12,37,700,0
22,8,30,701,0
18,7,25,702,0
32,13,45,703,0
32,20,52,704,0
24,15,39,705,0
41,22,63,706,0
16,17,33,707,0
22,15,37,708,0
33,15,48,709,0
29,15,44,710,0
30,18,48,711,0
26,13,39,712,0
23,10,33,713,0
28,21,49,714,0
19,9,28,715,0
18,12,30,716,0
26,23,49,717,0
29,8,37,718,0
25,17,42,719,0
21,8,29,720,0
22,11,33,721,0
27,22,49,722,0
26,16,42,723,0
22,15,37,724,0
15,14,29,725,0
29,15,44,726,0
24,16,40,727,0
11,11,22,728,0
26,17,43,729,0
19,6,25,730,0
20,12,32,731,0
14,13,27,732,0
24,19,43,733,0
26,32,58,734,0
21,12,33,735,0
28,9,37,736,0
27,24,51,737,0
18,6,24,738,0
29,20,49,739,0
30,17,47,740,0
22,16,38,741,0
25,17,42,742,0
25,16,41,743,0
24,31,55,744,0
32,23,55,745,0
22,12,34,746,0
19,10,29,747,0
23,15,38,748,0
27,12,39,749,0
24,22,46,750,0
23,12,35,751,0
21,15,36,752,0
20,20,40,753,0
19,21,40,754,0
28,18,46,755,0
19,16,35,756,0
26,21,47,757,0
28,17,45,758,0
26,28,54,759,0
17,10,27,760,0
21,15,36,761,0
30,13,43,762,0
27,16,43,763,0
25,19,44,764,0
17,7,24,765,0
21,19,40,766,0
27,15,42,767,0
19,15,34,768,0
37,15,52,769,0
26,26,52,770,0
27,21,48,771,0
23,7,30,772,0
24,13,37,773,0
33,16,49,774,0
30,15,45,775,0
28,13,41,776,0
15,9,24,777,0
28,17,45,778,0
33,23,56,779,0
24,11,35,780,0
21,19,40,781,0
28,17,45,782,0
29,21,50,783,0
22,22,44,784,0
33,22,55,785,0
25,18,43,786,0
29,18,47,787,0
25,14,39,788,0
26,21,47,789,0
15,8,23,790,0
37,18,55,791,0
14,12,26,792,0
32,16,48,793,0
21,21,42,794,0
18,10,28,795,0
28,23,51,796,0
27,20,47,797,0
22,18,40,798,0
21,17,38,799,0
24,15,39,800,0
26,19,45,801,0
25,25,50,802,0
23,16,39,803,0
30,20,50,804,0
36,16,52,805,0
26,14,40,806,0
31,15,46,807,0
19,9,28,808,0
38,20,58,809,0
19,12,31,810,0
25,19,44,811,0
27,20,47,812,0
18,15,33,813,0
20,16,36,814,0
18,15,33,815,0
24,25,49,816,0
23,12,35,817,0
32,17,49,818,0
30,16,46,819,0
31,21,52,820,0
29,24,53,821,0
26,23,49,822,0
30,24,54,823,0
25,14,39,824,0
24,20,44,825,0
29,18,47,826,0
19,27,46,827,0
24,22,46,828,0
28,34,62,829,0
24,12,36,830,0
23,8,31,831,0
24,16,40,832,0
23,16,39,833,0
23,17,40,834,0
23,13,36,835,0
20,21,41,836,0
18,17,35,837,0
22,18,40,838,0
19,21,40,839,0
29,21,50,840,0
29,24,53,841,0
14,18,32,842,0
24,13,37,843,0
27,20,47,844,0
25,12,37,845,0
22,25,47,846,0
18,10,28,847,0
35,18,53,848,0
18,19,37,849,0
12,8,20,850,0
23,11,34,851,0
23,18,41,852,0
31,16,47,853,0
27,17,44,854,0
23,20,43,855,0
28,23,51,856,0
17,13,30,857,0
28,19,47,858,0
25,22,47,859,0
26,14,40,860,0
19,15,34,861,0
25,23,48,862,0
26,12,38,863,0
30,19,49,864,0
20,13,33,865,0
20,22,42,866,0
16,18,34,867,0
15,10,25,868,0
27,25,52,869,0
21,18,39,870,0
23,7,30,871,0
22,12,34,872,0
18,13,31,873,0
32,20,52,874,0
24,13,37,875,0
23,17,40,876,0
24,12,36,877,0
19,15,34,878,0
18,17,35,879,0
19,14,33,880,0
26,15,41,881,0
21,11,32,882,0
28,10,38,883,0
20,17,37,884,0
21,17,38,885,0
23,22,45,886,0
22,10,32,887,0
26,16,42,888,0
26,20,46,889,0
17,15,32,890,0
29,32,61,891,0
28,19,47,892,0
29,13,42,893,0
32,23,55,894,0
21,18,39,895,0
25,14,39,896,0
19,8,27,897,0
36,18,54,898,0
28,16,44,899,0
25,13,38,900,0
25,21,46,901,0
15,9,24,902,0
21,14,35,903,0
36,34,70,904,0
9,10,19,905,0
27,15,42,906,0
23,15,38,907,0
22,9,31,908,0
22,18,40,909,0
21,13,34,910,0
17,15,32,911,0
20,16,36,912,0
19,11,30,913,0
18,15,33,914,0
25,12,37,915,0
18,15,33,916,0
23,13,36,917,0
15,16,31,918,0
28,13,41,919,0
24,21,45,920,0
19,14,33,921,0
19,21,40,922,0
29,14,43,923,0
28,17,45,924,0
23,25,48,925,0
28,13,41,926,0
14,20,34,927,0
32,21,53,928,0
39,19,58,929,0
21,19,40,930,0
29,16,45,931,0
23,14,37,932,0
17,13,30,933,0
20,14,34,934,0
28,17,45,935,0
30,13,43,936,0
28,14,42,937,0
17,12,29,938,0
22,21,43,939,0
21,19,40,940,0
23,15,38,941,0
17,13,30,942,0
19,25,44,943,0
25,21,46,944,0
24,18,42,945,0
31,25,56,946,0
20,10,30,947,0
25,18,43,948,0
26,22,48,949,0
26,17,43,950,0
16,11,27,951,0
14,14,28,952,0
18,15,33,953,0
23,17,40,954,0
22,20,42,955,0
25,26,51,956,0
18,18,36,957,0
29,15,44,958,0
27,11,38,959,0
29,18,47,960,0
19,14,33,961,0
24,26,50,962,0
24,19,43,963,0
23,14,37,964,0
22,9,31,965,0
34,23,57,966,0
26,19,45,967,0
28,24,52,968,0
22,16,38,969,0
21,26,47,970,0
24,14,38,971,0
25,21,46,972,0
24,16,40,973,0
22,19,41,974,0
17,17,34,975,0
17,18,35,976,0
30,22,52,977,0
27,21,48,978,0
21,13,34,979,0
30,25,55,980,0
15,15,30,981,0
18,12,30,982,0
19,20,39,983,0
26,23,49,984,0
15,11,26,985,0
25,18,43,986,0
23,14,37,987,0
24,21,45,988,0
25,16,41,989,0
32,14,46,990,0
11,7,18,991,0
17,16,33,992,0
21,14,35,993,0
29,13,42,994,0
16,11,27,995,0
24,12,36,996,0
16,10,26,997,0
32,13,45,998,0
31,20,51,999,0
21,22,43,1000,0
28,20,48,1001,0
30,27,57,1002,0
28,22,50,1003,0
21,19,40,1004,0
34,30,64,1005,0
26,15,41,1006,0
19,9,28,1007,0
19,14,33,1008,0
17,9,26,1009,0
20,15,35,1010,0
34,23,57,1011,0
22,9,31,1012,0
23,14,37,1013,0
21,22,43,1014,0
32,17,49,1015,0
23,18,41,1016,0
19,15,34,1017,0
23,14,37,1018,0
15,16,31,1019,0
19,15,34,1020,0
23,13,36,1021,0
26,16,42,1022,0
24,20,44,1023,0
26,17,43,1024,0
25,21,46,1025,0
18,13,31,1026,0
16,14,30,1027,0
18,23,41,1028,0
30,14,44,1029,0
23,13,36,1030,0
27,27,54,1031,0
28,22,50,1032,0
19,17,36,1033,0
20,11,31,1034,0
24,12,36,1035,0
22,19,41,1036,0
23,21,44,1037,0
21,17,38,1038,0
33,19,52,1039,0
34,26,60,1040,0
22,14,36,1041,0
30,17,47,1042,0
17,12,29,1043,0
23,20,43,1044,0
31,20,51,1045,0
30,18,48,1046,0
27,17,44,1047,0
19,17,36,1048,0
28,10,38,1049,0
23,22,45,1050,0
19,15,34,1051,0
22,19,41,1052,0
21,15,36,1053,0
17,12,29,1054,0
18,8,26,1055,0
26,14,40,1056,0
20,14,34,1057,0
29,25,54,1058,0
28,12,40,1059,0
23,15,38,1060,0
31,16,47,1061,0
19,24,43,1062,0
24,21,45,1063,0
37,26,63,1064,0
29,18,47,1065,0
34,20,54,1066,0
24,18,42,1067,0
21,16,37,1068,0
26,15,41,1069,0
24,22,46,1070,0
32,21,53,1071,0
34,22,56,1072,0
21,17,38,1073,0
22,18,40,1074,0
26,21,47,1075,0
16,12,28,1076,0
31,26,57,1077,0
24,12,36,1078,0
36,26,62,1079,0
21,15,36,1080,0
24,10,34,1081,0
22,22,44,1082,0
25,12,37,1083,0
19,6,25,1084,0
33,27,60,1085,0
15,22,37,1086,0
19,25,44,1087,0
28,22,50,1088,0
17,11,28,1089,0
18,12,30,1090,0
27,22,49,1091,0
28,16,44,1092,0
29,17,46,1093,0
18,12,30,1094,0
29,18,47,1095,0
15,12,27,1096,0
20,10,30,1097,0
20,17,37,1098,0
21,21,42,1099,0
24,17,41,1100,0
24,17,41,1101,0
20,18,38,1102,0
31,16,47,1103,0
18,18,36,1104,0
27,24,51,1105,0
26,16,42,1106,0
28,13,41,1107,0
29,17,46,1108,0
30,16,46,1109,0
19,10,29,1110,0
27,12,39,1111,0
21,24,45,1112,0
22,15,37,1113,0
29,18,47,1114,0
25,20,45,1115,0
25,12,37,1116,0
22,9,31,1117,0
18,8,26,1118,0
22,6,28,1119,0
32,8,40,1120,0
22,19,41,1121,0
25,21,46,1122,0
23,13,36,1123,0
25,22,47,1124,0
28,17,45,1125,0
31,15,46,1126,0
31,20,51,1127,0
25,17,42,1128,0
25,20,45,1129,0
20,16,36,1130,0
15,12,27,1131,0
12,11,23,1132,0
12,21,33,1133,0
21,18,39,1134,0
24,11,35,1135,0
22,17,39,1136,0
23,22,45,1137,0
20,10,30,1138,0
20,12,32,1139,0
23,16,39,1140,0
24,23,47,1141,0
28,19,47,1142,0
22,18,40,1143,0
28,18,46,1144,0
26,14,40,1145,0
28,19,47,1146,0
19,18,37,1147,0
24,19,43,1148,0
20,11,31,1149,0
23,24,47,1150,0
25,21,46,1151,0
18,12,30,1152,0
26,17,43,1153,0
20,14,34,1154,0
30,17,47,1155,0
25,16,41,1156,0
33,20,53,1157,0
25,13,38,1158,0
24,20,44,1159,0
19,15,34,1160,0
18,16,34,1161,0
20,12,32,1162,0
21,20,41,1163,0
27,26,53,1164,0
24,12,36,1165,0
21,17,38,1166,0
20,19,39,1167,0
38,12,50,1168,0
21,15,36,1169,0
24,17,41,1170,0
21,15,36,1171,0
22,18,40,1172,0
33,14,47,1173,0
22,15,37,1174,0
25,15,40,1175,0
23,18,41,1176,0
25,28,53,1177,0
25,20,45,1178,0
22,13,35,1179,0
32,29,61,1180,0
23,17,40,1181,0
27,21,48,1182,0
22,15,37,1183,0
28,13,41,1184,0
15,15,30,1185,0
29,18,47,1186,0
17,15,32,1187,0
22,16,38,1188,0
18,10,28,1189,0
17,9,26,1190,0
24,25,49,1191,0
21,12,33,1192,0
27,12,39,1193,0
29,14,43,1194,0
18,12,30,1195,0
25,20,45,1196,0
26,14,40,1197,0
27,21,48,1198,0
21,22,43,1199,0
21,15,36,1200,0
14,16,30,1201,0
26,17,43,1202,0
26,19,45,1203,0
26,23,49,1204,0
25,17,42,1205,0
31,16,47,1206,0
23,18,41,1207,0
24,16,40,1208,0
30,25,55,1209,0
26,20,46,1210,0
21,13,34,1211,0
18,12,30,1212,0
25,23,48,1213,0
27,20,47,1214,0
21,10,31,1215,0
23,17,40,1216,0
27,14,41,1217,0
26,24,50,1218,0
15,12,27,1219,0
30,15,45,1220,0
25,7,32,1221,0
26,15,41,1222,0
25,17,42,1223,0
16,11,27,1224,0
18,9,27,1225,0
28,25,53,1226,0
28,10,38,1227,0
26,26,52,1228,0
32,17,49,1229,0
19,15,34,1230,0
20,12,32,1231,0
23,13,36,1232,0
27,22,49,1233,0
14,14,28,1234,0
17,13,30,1235,0
23,25,48,1236,0
30,9,39,1237,0
17,16,33,1238,0
19,25,44,1239,0
24,17,41,1240,0
26,10,36,1241,0
34,29,63,1242,0
27,13,40,1243,0
27,19,46,1244,0
18,14,32,1245,0
22,10,32,1246,0
22,21,43,1247,0
28,21,49,1248,0
24,18,42,1249,0
29,19,48,1250,0
22,13,35,1251,0
31,11,42,1252,0
23,22,45,1253,0
23,18,41,1254,0
33,19,52,1255,0
25,23,48,1256,0
23,18,41,1257,0
32,19,51,1258,0
14,20,34,1259,0
18,15,33,1260,0
21,11,32,1261,0
29,10,39,1262,0
18,14,32,1263,0
20,22,42,1264,0
28,21,49,1265,0
28,13,41,1266,0
25,14,39,1267,0
29,24,53,1268,0
23,11,34,1269,0
25,35,60,1270,0
27,13,40,1271,0
25,24,49,1272,0
22,24,46,1273,0
21,14,35,1274,0
23,12,35,1275,0
21,17,38,1276,0
25,11,36,1277,0
30,30,60,1278,0
21,13,34,1279,0
20,13,33,1280,0
23,15,38,1281,0
37,20,57,1282,0
25,23,48,1283,0
24,16,40,1284,0
32,24,56,1285,0
27,13,40,1286,0
20,16,36,1287,0
29,35,64,1288,0
37,16,53,1289,0
22,15,37,1290,0
29,16,45,1291,0
28,18,46,1292,0
23,21,44,1293,0
21,9,30,1294,0
22,17,39,1295,0
25,21,46,1296,0
18,13,31,1297,0
24,12,36,1298,0
19,19,38,1299,0
23,16,39,1300,0
22,19,41,1301,0
22,13,35,1302,0
29,13,42,1303,0
18,11,29,1304,0
23,30,53,1305,0
17,16,33,1306,0
28,17,45,1307,0
22,11,33,1308,0
25,17,42,1309,0
27,17,44,1310,0
12,19,31,1311,0
26,23,49,1312,0
28,11,39,1313,0
28,22,50,1314,0
22,17,39,1315,0
26,32,58,1316,0
18,12,30,1317,0
17,9,26,1318,0
22,23,45,1319,0
35,22,57,1320,0
14,6,20,1321,0
32,18,50,1322,0
29,21,50,1323,0
17,12,29,1324,0
22,10,32,1325,0
30,19,49,1326,0
11,8,19,1327,0
24,14,38,1328,0
18,15,33,1329,0
26,14,40,1330,0
21,19,40,1331,0
25,21,46,1332,0
36,24,60,1333,0
29,19,48,1334,0
15,11,26,1335,0
20,12,32,1336,0
24,13,37,1337,0
22,11,33,1338,0
12,14,26,1339,0
24,19,43,1340,0
23,12,35,1341,0
34,21,55,1342,0
28,18,46,1343,0
36,17,53,1344,0
23,13,36,1345,0
28,19,47,1346,0
28,19,47,1347,0
19,12,31,1348,0
33,10,43,1349,0
18,11,29,1350,0
23,19,42,1351,0
21,17,38,1352,0
19,18,37,1353,0
17,26,43,1354,0
24,13,37,1355,0
20,11,31,1356,0
21,8,29,1357,0
25,12,37,1358,0
22,26,48,1359,0
18,8,26,1360,0
18,16,34,1361,0
28,28,56,1362,0
21,16,37,1363,0
28,14,42,1364,0
18,20,38,1365,0
34,20,54,1366,0
28,22,50,1367,0
22,20,42,1368,0
23,18,41,1369,0
25,21,46,1370,0
20,16,36,1371,0
33,17,50,1372,0
26,19,45,1373,0
26,18,44,1374,0
27,19,46,1375,0
23,9,32,1376,0
16,14,30,1377,0
28,17,45,1378,0
26,17,43,1379,0
31,18,49,1380,0
26,12,38,1381,0
25,21,46,1382,0
33,24,57,1383,0
25,11,36,1384,0
30,14,44,1385,0
28,17,45,1386,0
24,21,45,1387,0
21,19,40,1388,0
24,28,52,1389,0
21,20,41,1390,0
18,11,29,1391,0
29,19,48,1392,0
17,6,23,1393,0
24,20,44,1394,0
33,21,54,1395,0
26,20,46,1396,0
18,18,36,1397,0
29,19,48,1398,0
29,18,47,1399,0
24,16,40,1400,0
20,15,35,1401,0
21,11,32,1402,0
20,14,34,1403,0
26,18,44,1404,0
19,12,31,1405,0
38,22,60,1406,0
31,17,48,1407,0
31,15,46,1408,0
31,24,55,1409,0
24,13,37,1410,0
21,14,35,1411,0
36,19,55,1412,0
23,20,43,1413,0
24,19,43,1414,0
37,18,55,1415,0
25,18,43,1416,0
32,20,52,1417,0
28,29,57,1418,0
26,26,52,1419,0
26,27,53,1420,0
21,15,36,1421,0
18,10,28,1422,0
24,17,41,1423,0
32,25,57,1424,0
26,22,48,1425,0
29,19,48,1426,0
17,23,40,1427,0
20,20,40,1428,0
20,12,32,1429,0
19,16,35,1430,0
23,5,28,1431,0
18,17,35,1432,0
27,21,48,1433,0
29,17,46,1434,0
26,10,36,1435,0
22,21,43,1436,0
15,12,27,1437,0
33,17,50,1438,0
22,17,39,1439,0
34,25,59,1440,0
30,16,46,1441,0
29,18,47,1442,0
21,12,33,1443,0
19,19,38,1444,0
9,11,20,1445,0
31,7,38,1446,0
23,10,33,1447,0
23,14,37,1448,0
24,11,35,1449,0
27,20,47,1450,0
31,25,56,1451,0
35,18,53,1452,0
25,23,48,1453,0
30,16,46,1454,0
26,18,44,1455,0
29,21,50,1456,0
26,14,40,1457,0
21,10,31,1458,0
22,17,39,1459,0
31,26,57,1460,0
22,22,44,1461,0
20,19,39,1462,0
16,14,30,1463,0
30,21,51,1464,0
22,22,44,1465,0
29,12,41,1466,0
21,7,28,1467,0
18,16,34,1468,0
28,10,38,1469,0
22,18,40,1470,0
21,16,37,1471,0
30,15,45,1472,0
24,13,37,1473,0
42,20,62,1474,0
30,21,51,1475,0
18,6,24,1476,0
25,18,43,1477,0
19,6,25,1478,0
31,27,58,1479,0
28,14,42,1480,0
30,19,49,1481,0
27,22,49,1482,0
27,20,47,1483,0
28,27,55,1484,0
25,12,37,1485,0
21,8,29,1486,0
18,18,36,1487,0
30,28,58,1488,0
22,14,36,1489,0
29,16,45,1490,0
23,13,36,1491,0
34,28,62,1492,0
28,25,53,1493,0
27,18,45,1494,0
26,9,35,1495,0
30,22,52,1496,0
19,9,28,1497,0
22,15,37,1498,0
26,20,46,1499,0
33,20,53,1500,0
27,26,53,1501,0
21,17,38,1502,0
28,13,41,1503,0
22,13,35,1504,0
18,13,31,1505,0
19,15,34,1506,0
15,21,36,1507,0
26,20,46,1508,0
17,14,31,1509,0
22,11,33,1510,0
26,20,46,1511,0
14,8,22,1512,0
23,14,37,1513,0
18,19,37,1514,0
27,16,43,1515,0
36,30,66,1516,0
27,17,44,1517,0
32,14,46,1518,0
26,20,46,1519,0
18,14,32,1520,0
20,11,31,1521,0
23,13,36,1522,0
32,17,49,1523,0
29,19,48,1524,0
19,16,35,1525,0
23,14,37,1526,0
20,23,43,1527,0
25,13,38,1528,0
22,21,43,1529,0
25,23,48,1530,0
20,16,36,1531,0
36,16,52,1532,0
26,14,40,1533,0
21,22,43,1534,0
20,14,34,1535,0
16,15,31,1536,0
16,4,20,1537,0
10,12,22,1538,0
12,10,22,1539,0
22,15,37,1540,0
22,15,37,1541,0
34,22,56,1542,0
21,18,39,1543,0
24,14,38,1544,0
28,19,47,1545,0
24,17,41,1546,0
24,18,42,1547,0
30,23,53,1548,0
28,18,46,1549,0
23,12,35,1550,0
18,9,27,1551,0
33,28,61,1552,0
15,14,29,1553,0
29,21,50,1554,0
20,17,37,1555,0
20,25,45,1556,0
30,22,52,1557,0
18,15,33,1558,0
23,16,39,1559,0
29,20,49,1560,0
27,11,38,1561,0
22,19,41,1562,0
25,17,42,1563,0
24,17,41,1564,0
18,12,30,1565,0
27,29,56,1566,0
21,12,33,1567,0
29,17,46,1568,0
31,12,43,1569,0
24,13,37,1570,0
30,22,52,1571,0
23,24,47,1572,0
22,10,32,1573,0
27,27,54,1574,0
22,10,32,1575,0
24,17,41,1576,0
16,9,25,1577,0
17,12,29,1578,0
24,14,38,1579,0
19,18,37,1580,0
19,23,42,1581,0
28,14,42,1582,0
33,23,56,1583,0
23,23,46,1584,0
17,17,34,1585,0
27,22,49,1586,0
17,15,32,1587,0
30,25,55,1588,0
27,24,51,1589,0
15,15,30,1590,0
14,12,26,1591,0
22,17,39,1592,0
25,14,39,1593,0
34,29,63,1594,0
28,9,37,1595,0
19,9,28,1596,0
23,19,42,1597,0
41,21,62,1598,0
24,16,40,1599,0
19,10,29,1600,0
25,19,44,1601,0
32,14,46,1602,0
27,10,37,1603,0
24,13,37,1604,0
23,18,41,1605,0
30,29,59,1606,0
20,8,28,1607,0
26,24,50,1608,0
27,19,46,1609,0
22,12,34,1610,0
24,20,44,1611,0
23,17,40,1612,0
21,13,34,1613,0
28,13,41,1614,0
23,16,39,1615,0
21,5,26,1616,0
29,23,52,1617,0
23,16,39,1618,0
26,15,41,1619,0
28,23,51,1620,0
24,28,52,1621,0
27,14,41,1622,0
14,13,27,1623,0
27,16,43,1624,0
29,17,46,1625,0
18,25,43,1626,0
28,27,55,1627,0
19,9,28,1628,0
14,17,31,1629,0
22,16,38,1630,0
21,18,39,1631,0
29,11,40,1632,0
27,19,46,1633,0
30,16,46,1634,0
19,12,31,1635,0
22,17,39,1636,0
18,12,30,1637,0
28,15,43,1638,0
28,25,53,1639,0
25,22,47,1640,0
17,10,27,1641,0
17,31,48,1642,0
29,12,41,1643,0
25,18,43,1644,0
16,15,31,1645,0
19,12,31,1646,0
18,17,35,1647,0
18,10,28,1648,0
28,14,42,1649,0
32,24,56,1650,0
14,10,24,1651,0
32,23,55,1652,0
22,20,42,1653,0
21,19,40,1654,0
32,20,52,1655,0
31,20,51,1656,0
18,10,28,1657,0
23,21,44,1658,0
17,3,20,1659,0
24,17,41,1660,0
23,19,42,1661,0
30,21,51,1662,0
23,9,32,1663,0
20,12,32,1664,0
23,22,45,1665,0
29,18,47,1666,0
30,21,51,1667,0
16,9,25,1668,0
20,14,34,1669,0
19,12,31,1670,0
22,18,40,1671,0
23,19,42,1672,0
22,14,36,1673,0
16,5,21,1674,0
19,21,40,1675,0
26,18,44,1676,0
23,19,42,1677,0
25,11,36,1678,0
24,17,41,1679,0
20,27,47,1680,0
24,21,45,1681,0
26,18,44,1682,0
17,9,26,1683,0
23,19,42,1684,0
20,13,33,1685,0
28,19,47,1686,0
20,12,32,1687,0
23,12,35,1688,0
29,21,50,1689,0
22,15,37,1690,0
22,15,37,1691,0
26,17,43,1692,0
20,13,33,1693,0
29,23,52,1694,0
28,29,57,1695,0
17,15,32,1696,0
31,24,55,1697,0
20,20,40,1698,0
25,13,38,1699,0
22,12,34,1700,0
24,16,40,1701,0
28,20,48,1702,0
29,16,45,1703,0
21,13,34,1704,0
27,15,42,1705,0
29,21,50,1706,0
41,19,60,1707,0
13,9,22,1708,0
24,12,36,1709,0
23,15,38,1710,0
29,16,45,1711,0
24,24,48,1712,0
19,19,38,1713,0
24,9,33,1714,0
21,20,41,1715,0
30,23,53,1716,0
31,16,47,1717,0
21,8,29,1718,0
27,14,41,1719,0
30,23,53,1720,0
22,20,42,1721,0
20,21,41,1722,0
29,18,47,1723,0
30,25,55,1724,0
22,14,36,1725,0
28,15,43,1726,0
22,15,37,1727,0
29,23,52,1728,0
28,16,44,1729,0
11,4,15,1730,0
20,19,39,1731,0
20,19,39,1732,0
20,26,46,1733,0
25,14,39,1734,0
23,15,38,1735,0
30,27,57,1736,0
17,7,24,1737,0
31,15,46,1738,0
24,15,39,1739,0
32,15,47,1740,0
28,21,49,1741,0
37,18,55,1742,0
26,16,42,1743,0
29,20,49,1744,0
31,11,42,1745,0
17,12,29,1746,0
25,14,39,1747,0
22,15,37,1748,0
33,23,56,1749,0
25,22,47,1750,0
26,15,41,1751,0
12,13,25,1752,0
18,14,32,1753,0
19,24,43,1754,0
22,9,31,1755,0
26,10,36,1756,0
17,16,33,1757,0
19,11,30,1758,0
33,22,55,1759,0
19,16,35,1760,0
19,6,25,1761,0
22,10,32,1762,0
24,21,45,1763,0
31,16,47,1764,0
24,26,50,1765,0
26,7,33,1766,0
22,18,40,1767,0
29,23,52,1768,0
18,13,31,1769,0
26,14,40,1770,0
15,7,22,1771,0
25,22,47,1772,0
30,21,51,1773,0
24,16,40,1774,0
24,15,39,1775,0
26,12,38,1776,0
23,14,37,1777,0
25,14,39,1778,0
31,12,43,1779,0
26,17,43,1780,0
29,18,47,1781,0
25,14,39,1782,0
28,19,47,1783,0
23,11,34,1784,0
21,10,31,1785,0
28,10,38,1786,0
25,25,50,1787,0
31,14,45,1788,0
26,24,50,1789,0
29,17,46,1790,0
19,19,38,1791,0
25,20,45,1792,0
24,20,44,1793,0
33,14,47,1794,0
24,12,36,1795,0
23,4,27,1796,0
32,22,54,1797,0
21,15,36,1798,0
31,15,46,1799,0
29,17,46,1800,0
24,22,46,1801,0
20,22,42,1802,0
29,19,48,1803,0
24,24,48,1804,0
23,21,44,1805,0
35,27,62,1806,0
28,14,42,1807,0
21,11,32,1808,0
19,10,29,1809,0
27,17,44,1810,0
22,26,48,1811,0
23,16,39,1812,0
30,23,53,1813,0
27,15,42,1814,0
25,21,46,1815,0
24,10,34,1816,0
33,18,51,1817,0
29,22,51,1818,0
24,21,45,1819,0
20,17,37,1820,0
19,14,33,1821,0
24,24,48,1822,0
21,23,44,1823,0
17,8,25,1824,0
30,24,54,1825,0
18,13,31,1826,0
31,22,53,1827,0
30,31,61,1828,0
22,13,35,1829,0
24,20,44,1830,0
26,17,43,1831,0
24,12,36,1832,0
31,26,57,1833,0
27,18,45,1834,0
25,10,35,1835,0
24,23,47,1836,0
29,19,48,1837,0
14,21,35,1838,0
26,16,42,1839,0
21,21,42,1840,0
23,16,39,1841,0
14,12,26,1842,0
28,17,45,1843,0
31,17,48,1844,0
21,18,39,1845,0
19,11,30,1846,0
28,20,48,1847,0
15,7,22,1848,0
26,15,41,1849,0
34,12,46,1850,0
24,18,42,1851,0
28,15,43,1852,0
34,19,53,1853,0
22,22,44,1854,0
37,26,63,1855,0
17,22,39,1856,0
26,20,46,1857,0
23,15,38,1858,0
20,20,40,1859,0
19,7,26,1860,0
30,13,43,1861,0
27,17,44,1862,0
10,16,26,1863,0
26,15,41,1864,0
22,17,39,1865,0
19,7,26,1866,0
29,10,39,1867,0
20,15,35,1868,0
20,15,35,1869,0
22,20,42,1870,0
23,21,44,1871,0
18,16,34,1872,0
21,11,32,1873,0
27,17,44,1874,0
31,16,47,1875,0
27,24,51,1876,0
31,17,48,1877,0
23,12,35,1878,0
32,11,43,1879,0
29,25,54,1880,0
22,16,38,1881,0
20,12,32,1882,0
23,23,46,1883,0
21,20,41,1884,0
24,15,39,1885,0
27,22,49,1886,0
20,15,35,1887,0
22,15,37,1888,0
25,21,46,1889,0
34,21,55,1890,0
34,17,51,1891,0
22,13,35,1892,0
28,24,52,1893,0
23,4,27,1894,0
35,19,54,1895,0
32,30,62,1896,0
33,18,51,1897,0
16,9,25,1898,0
24,24,48,1899,0
28,23,51,1900,0
19,9,28,1901,0
22,23,45,1902,0
22,14,36,1903,0
22,13,35,1904,0
30,7,37,1905,0
26,20,46,1906,0
22,23,45,1907,0
19,17,36,1908,0
23,15,38,1909,0
21,19,40,1910,0
28,15,43,1911,0
22,22,44,1912,0
28,21,49,1913,0
25,20,45,1914,0
26,22,48,1915,0
22,11,33,1916,0
34,15,49,1917,0
25,14,39,1918,0
19,11,30,1919,0
23,20,43,1920,0
23,17,40,1921,0
22,21,43,1922,0
11,10,21,1923,0
24,15,39,1924,0
29,22,51,1925,0
29,19,48,1926,0
15,11,26,1927,0
27,10,37,1928,0
34,18,52,1929,0
36,21,57,1930,0
18,11,29,1931,0
18,8,26,1932,0
29,17,46,1933,0
33,20,53,1934,0
19,20,39,1935,0
20,12,32,1936,0
28,19,47,1937,0
19,13,32,1938,0
18,18,36,1939,0
19,13,32,1940,0
24,16,40,1941,0
33,26,59,1942,0
32,14,46,1943,0
23,12,35,1944,0
29,15,44,1945,0
26,22,48,1946,0
16,14,30,1947,0
25,21,46,1948,0
25,20,45,1949,0
22,17,39,1950,0
24,17,41,1951,0
29,16,45,1952,0
23,15,38,1953,0
18,18,36,1954,0
29,22,51,1955,0
30,23,53,1956,0
30,17,47,1957,0
22,19,41,1958,0
33,17,50,1959,0
20,13,33,1960,0
17,21,38,1961,0
25,7,32,1962,0
28,22,50,1963,0
26,14,40,1964,0
17,18,35,1965,0
20,14,34,1966,0
27,24,51,1967,0
24,12,36,1968,0
36,27,63,1969,0
22,16,38,1970,0
17,25,42,1971,0
25,19,44,1972,0
21,14,35,1973,0
18,14,32,1974,0
18,13,31,1975,0
26,9,35,1976,0
25,20,45,1977,0
27,16,43,1978,0
19,12,31,1979,0
26,21,47,1980,0
21,8,29,1981,0
19,14,33,1982,0
24,19,43,1983,0
33,23,56,1984,0
24,14,38,1985,0
24,18,42,1986,0
22,10,32,1987,0
22,20,42,1988,0
24,13,37,1989,0
11,14,25,1990,0
23,16,39,1991,0
12,9,21,1992,0
27,14,41,1993,0
16,8,24,1994,0
29,13,42,1995,0
32,13,45,1996,0
19,11,30,1997,0
27,23,50,1998,0
28,21,49,1999,0
27,17,44,2000,0
26,18,44,2001,0
28,14,42,2002,0
20,14,34,2003,0
24,23,47,2004,0
33,21,54,2005,0
28,22,50,2006,0
31,14,45,2007,0
24,17,41,2008,0
26,21,47,2009,0
23,21,44,2010,0
21,15,36,2011,0
20,12,32,2012,0
22,12,34,2013,0
20,22,42,2014,0
17,14,31,2015,0
22,24,46,2016,0
24,14,38,2017,0
31,24,55,2018,0
22,19,41,2019,0
20,15,35,2020,0
23,9,32,2021,0
37,19,56,2022,0
26,14,40,2023,0
18,13,31,2024,0
23,7,30,2025,0
27,18,45,2026,0
25,10,35,2027,0
16,19,35,2028,0
25,22,47,2029,0
20,14,34,2030,0
19,10,29,2031,0
19,11,30,2032,0
24,17,41,2033,0
26,17,43,2034,0
32,14,46,2035,0
34,15,49,2036,0
28,19,47,2037,0
20,11,31,2038,0
17,15,32,2039,0
21,18,39,2040,0
19,12,31,2041,0
28,22,50,2042,0
21,11,32,2043,0
27,18,45,2044,0
26,29,55,2045,0
30,17,47,2046,0
26,22,48,2047,0
21,13,34,2048,0
21,20,41,2049,0
20,11,31,2050,0
18,14,32,2051,0
30,19,49,2052,0
21,13,34,2053,0
18,11,29,2054,0
22,22,44,2055,0
33,16,49,2056,0
17,17,34,2057,0
23,20,43,2058,0
32,24,56,2059,0
27,16,43,2060,0
27,19,46,2061,0
33,16,49,2062,0
28,14,42,2063,0
28,14,42,2064,0
29,20,49,2065,0
23,19,42,2066,0
28,21,49,2067,0
23,17,40,2068,0
22,13,35,2069,0
16,12,28,2070,0
31,16,47,2071,0
32,15,47,2072,0
23,11,34,2073,0
27,13,40,2074,0
21,10,31,2075,0
25,17,42,2076,0
25,14,39,2077,0
12,13,25,2078,0
25,16,41,2079,0
37,9,46,2080,0
25,11,36,2081,0
27,11,38,2082,0
24,17,41,2083,0
25,17,42,2084,0
22,22,44,2085,0
25,24,49,2086,0
22,9,31,2087,0
31,16,47,2088,0
26,15,41,2089,0
34,19,53,2090,0
25,16,41,2091,0
35,27,62,2092,0
22,14,36,2093,0
19,18,37,2094,0
23,22,45,2095,0
28,14,42,2096,0
20,19,39,2097,0
26,12,38,2098,0
25,23,48,2099,0
36,21,57,2100,0
18,9,27,2101,0
20,16,36,2102,0
20,16,36,2103,0
30,24,54,2104,0
21,21,42,2105,0
20,9,29,2106,0
28,13,41,2107,0
24,14,38,2108,0
21,21,42,2109,0
24,18,42,2110,0
14,17,31,2111,0
17,19,36,2112,0
34,28,62,2113,0
30,19,49,2114,0
26,18,44,2115,0
30,21,51,2116,0
23,10,33,2117,0
20,15,35,2118,0
27,20,47,2119,0
35,16,51,2120,0
30,22,52,2121,0
30,20,50,2122,0
26,17,43,2123,0
17,12,29,2124,0
27,17,44,2125,0
11,5,16,2126,0
28,35,63,2127,0
26,15,41,2128,0
27,16,43,2129,0
27,11,38,2130,0
30,19,49,2131,0
30,25,55,2132,0
25,15,40,2133,0
26,21,47,2134,0
22,13,35,2135,0
26,12,38,2136,0
14,8,22,2137,0
21,20,41,2138,0
22,22,44,2139,0
22,20,42,2140,0
29,20,49,2141,0
19,15,34,2142,0
17,16,33,2143,0
29,13,42,2144,0
32,24,56,2145,0
27,24,51,2146,0
25,13,38,2147,0
37,16,53,2148,0
23,15,38,2149,0
22,18,40,2150,0
20,9,29,2151,0
31,19,50,2152,0
28,26,54,2153,0
21,12,33,2154,0
26,16,42,2155,0
30,10,40,2156,0
23,8,31,2157,0
23,23,46,2158,0
12,11,23,2159,0
19,10,29,2160,0
25,12,37,2161,0
22,15,37,2162,0
22,9,31,2163,0
23,19,42,2164,0
35,26,61,2165,0
32,21,53,2166,0
19,11,30,2167,0
23,21,44,2168,0
21,23,44,2169,0
32,18,50,2170,0
29,16,45,2171,0
28,14,42,2172,0
20,15,35,2173,0
27,13,40,2174,0
17,18,35,2175,0
29,27,56,2176,0
38,19,57,2177,0
17,10,27,2178,0
23,19,42,2179,0
23,12,35,2180,0
25,20,45,2181,0
25,23,48,2182,0
23,17,40,2183,0
20,27,47,2184,0
32,25,57,2185,0
18,18,36,2186,0
23,16,39,2187,0
19,13,32,2188,0
18,14,32,2189,0
24,14,38,2190,0
25,15,40,2191,0
30,17,47,2192,0
29,26,55,2193,0
24,28,52,2194,0
8,16,24,2195,0
18,12,30,2196,0
22,14,36,2197,0
25,17,42,2198,0
27,22,49,2199,0
35,21,56,2200,0
29,23,52,2201,0
29,12,41,2202,0
20,26,46,2203,0
25,16,41,2204,0
21,16,37,2205,0
26,14,40,2206,0
25,21,46,2207,0
26,19,45,2208,0
19,17,36,2209,0
33,21,54,2210,0
30,26,56,2211,0
23,14,37,2212,0
29,13,42,2213,0
29,30,59,2214,0
28,14,42,2215,0
29,17,46,2216,0
28,29,57,2217,0
26,14,40,2218,0
15,9,24,2219,0
26,12,38,2220,0
18,15,33,2221,0
24,12,36,2222,0
30,20,50,2223,0
15,14,29,2224,0
22,12,34,2225,0
29,27,56,2226,0
25,7,32,2227,0
30,17,47,2228,0
23,12,35,2229,0
20,17,37,2230,0
20,11,31,2231,0
26,18,44,2232,0
24,24,48,2233,0
26,16,42,2234,0
33,19,52,2235,0
32,18,50,2236,0
17,20,37,2237,0
19,20,39,2238,0
26,15,41,2239,0
29,24,53,2240,0
26,21,47,2241,0
20,20,40,2242,0
13,15,28,2243,0
17,16,33,2244,0
27,23,50,2245,0
18,20,38,2246,0
24,23,47,2247,0
18,14,32,2248,0
23,13,36,2249,0
19,18,37,2250,0
26,16,42,2251,0
17,19,36,2252,0
28,21,49,2253,0
24,19,43,2254,0
17,15,32,2255,0
19,11,30,2256,0
27,17,44,2257,0
27,17,44,2258,0
36,25,61,2259,0
29,13,42,2260,0
19,15,34,2261,0
19,5,24,2262,0
24,9,33,2263,0
26,16,42,2264,0
28,17,45,2265,0
15,13,28,2266,0
22,18,40,2267,0
28,21,49,2268,0
26,15,41,2269,0
26,12,38,2270,0
28,16,44,2271,0
15,14,29,2272,0
21,17,38,2273,0
29,14,43,2274,0
26,18,44,2275,0
23,7,30,2276,0
28,21,49,2277,0
23,19,42,2278,0
22,14,36,2279,0
30,17,47,2280,0
26,21,47,2281,0
22,19,41,2282,0
37,28,65,2283,0
26,15,41,2284,0
19,16,35,2285,0
20,13,33,2286,0
21,12,33,2287,0
21,13,34,2288,0
33,21,54,2289,0
20,18,38,2290,0
22,18,40,2291,0
28,16,44,2292,0
17,18,35,2293,0
20,21,41,2294,0
19,10,29,2295,0
35,21,56,2296,0
35,33,68,2297,0
25,15,40,2298,0
19,9,28,2299,0
29,16,45,2300,0
28,8,36,2301,0
29,26,55,2302,0
22,14,36,2303,0
24,15,39,2304,0
27,21,48,2305,0
27,21,48,2306,0
23,18,41,2307,0
33,15,48,2308,0
24,13,37,2309,0
32,15,47,2310,0
26,19,45,2311,0
25,14,39,2312,0
29,17,46,2313,0
31,26,57,2314,0
23,10,33,2315,0
16,14,30,2316,0
23,17,40,2317,0
16,21,37,2318,0
37,22,59,2319,0
32,11,43,2320,0
20,11,31,2321,0
34,13,47,2322,0
25,20,45,2323,0
28,19,47,2324,0
27,17,44,2325,0
26,13,39,2326,0
25,9,34,2327,0
25,19,44,2328,0
28,19,47,2329,0
25,13,38,2330,0
22,21,43,2331,0
29,22,51,2332,0
25,17,42,2333,0
32,22,54,2334,0
23,16,39,2335,0
31,30,61,2336,0
27,15,42,2337,0
32,18,50,2338,0
27,14,41,2339,0
25,16,41,2340,0
20,17,37,2341,0
21,13,34,2342,0
25,24,49,2343,0
23,13,36,2344,0
32,21,53,2345,0
23,14,37,2346,0
29,27,56,2347,0
23,20,43,2348,0
20,21,41,2349,0
34,23,57,2350,0
33,24,57,2351,0
29,18,47,2352,0
32,15,47,2353,0
27,22,49,2354,0
31,11,42,2355,0
21,16,37,2356,0
33,23,56,2357,0
27,18,45,2358,0
18,25,43,2359,0
28,23,51,2360,0
27,12,39,2361,0
27,20,47,2362,0
24,15,39,2363,0
25,12,37,2364,0
24,9,33,2365,0
21,17,38,2366,0
22,12,34,2367,0
16,14,30,2368,0
16,11,27,2369,0
20,17,37,2370,0
17,17,34,2371,0
22,23,45,2372,0
21,16,37,2373,0
28,18,46,2374,0
32,24,56,2375,0
19,12,31,2376,0
24,17,41,2377,0
26,11,37,2378,0
21,22,43,2379,0
25,16,41,2380,0
28,16,44,2381,0
24,16,40,2382,0
29,15,44,2383,0
24,10,34,2384,0
26,23,49,2385,0
25,15,40,2386,0
26,23,49,2387,0
18,14,32,2388,0
24,14,38,2389,0
28,13,41,2390,0
22,18,40,2391,0
23,26,49,2392,0
29,21,50,2393,0
28,15,43,2394,0
28,27,55,2395,0
26,17,43,2396,0
24,19,43,2397,0
28,10,38,2398,0
35,20,55,2399,0
30,15,45,2400,0
33,15,48,2401,0
25,17,42,2402,0
21,14,35,2403,0
24,7,31,2404,0
30,24,54,2405,0
20,12,32,2406,0
18,13,31,2407,0
34,21,55,2408,0
19,11,30,2409,0
16,18,34,2410,0
29,30,59,2411,0
37,20,57,2412,0
22,16,38,2413,0
31,20,51,2414,0
26,11,37,2415,0
24,11,35,2416,0
19,9,28,2417,0
7,4,11,2418,0
23,10,33,2419,0
30,30,60,2420,0
27,17,44,2421,0
25,17,42,2422,0
18,20,38,2423,0
29,15,44,2424,0
20,9,29,2425,0
27,17,44,2426,0
29,15,44,2427,0
23,11,34,2428,0
33,16,49,2429,0
23,15,38,2430,0
20,14,34,2431,0
22,10,32,2432,0
30,20,50,2433,0
16,24,40,2434,0
20,17,37,2435,0
15,10,25,2436,0
30,26,56,2437,0
21,20,41,2438,0
20,7,27,2439,0
28,23,51,2440,0
30,18,48,2441,0
22,23,45,2442,0
26,19,45,2443,0
20,15,35,2444,0
23,14,37,2445,0
23,12,35,2446,0
20,15,35,2447,0
25,11,36,2448,0
21,15,36,2449,0
15,12,27,2450,0
19,18,37,2451,0
25,18,43,2452,0
29,25,54,2453,0
34,19,53,2454,0
22,13,35,2455,0
20,25,45,2456,0
20,19,39,2457,0
25,28,53,2458,0
25,14,39,2459,0
20,12,32,2460,0
21,11,32,2461,0
31,36,67,2462,0
13,14,27,2463,0
20,10,30,2464,0
24,15,39,2465,0
27,19,46,2466,0
23,19,42,2467,0
26,14,40,2468,0
31,19,50,2469,0
27,11,38,2470,0
22,9,31,2471,0
26,12,38,2472,0
15,11,26,2473,0
25,20,45,2474,0
23,8,31,2475,0
20,16,36,2476,0
27,21,48,2477,0
27,16,43,2478,0
15,5,20,2479,0
20,27,47,2480,0
13,21,34,2481,0
23,11,34,2482,0
30,17,47,2483,0
20,13,33,2484,0
27,13,40,2485,0
28,15,43,2486,0
24,12,36,2487,0
20,16,36,2488,0
21,20,41,2489,0
26,19,45,2490,0
30,26,56,2491,0
26,14,40,2492,0
32,14,46,2493,0
24,16,40,2494,0
21,20,41,2495,0
23,21,44,2496,0
29,22,51,2497,0
18,17,35,2498,0
21,17,38,2499,0
25,13,38,2500,0
36,24,60,2501,0
23,24,47,2502,0
25,20,45,2503,0
15,11,26,2504,0
31,24,55,2505,0
21,29,50,2506,0
24,10,34,2507,0
16,19,35,2508,0
22,7,29,2509,0
16,16,32,2510,0
28,25,53,2511,0
14,11,25,2512,0
30,26,56,2513,0
27,17,44,2514,0
19,8,27,2515,0
41,17,58,2516,0
35,19,54,2517,0
31,19,50,2518,0
28,22,50,2519,0
18,16,34,2520,0
24,19,43,2521,0
20,10,30,2522,0
30,11,41,2523,0
24,22,46,2524,0
18,10,28,2525,0
22,20,42,2526,0
38,29,67,2527,0
24,16,40,2528,0
21,13,34,2529,0
15,12,27,2530,0
20,21,41,2531,0
26,20,46,2532,0
21,15,36,2533,0
23,15,38,2534,0
22,16,38,2535,0
32,19,51,2536,0
27,15,42,2537,0
24,15,39,2538,0
30,33,63,2539,0
33,23,56,2540,0
20,13,33,2541,0
28,14,42,2542,0
32,26,58,2543,0
23,12,35,2544,0
28,14,42,2545,0
21,13,34,2546,0
35,15,50,2547,0
27,16,43,2548,0
27,23,50,2549,0
28,17,45,2550,0
15,12,27,2551,0
29,26,55,2552,0
19,20,39,2553,0
31,24,55,2554,0
19,20,39,2555,0
27,12,39,2556,0
27,12,39,2557,0
21,14,35,2558,0
29,24,53,2559,0
35,23,58,2560,0
25,17,42,2561,0
32,11,43,2562,0
29,17,46,2563,0
29,15,44,2564,0
32,30,62,2565,0
20,12,32,2566,0
23,13,36,2567,0
23,17,40,2568,0
24,14,38,2569,0
32,13,45,2570,0
18,14,32,2571,0
18,10,28,2572,0
21,12,33,2573,0
25,14,39,2574,0
21,15,36,2575,0
21,6,27,2576,0
25,16,41,2577,0
25,14,39,2578,0
35,12,47,2579,0
27,25,52,2580,0
19,10,29,2581,0
28,22,50,2582,0
30,18,48,2583,0
22,17,39,2584,0
23,20,43,2585,0
22,22,44,2586,0
15,15,30,2587,0
20,14,34,2588,0
24,13,37,2589,0
17,10,27,2590,0
20,15,35,2591,0
23,19,42,2592,0
31,28,59,2593,0
19,21,40,2594,0
23,16,39,2595,0
32,21,53,2596,0
27,24,51,2597,0
24,15,39,2598,0
22,16,38,2599,0
28,28,56,2600,0
24,21,45,2601,0
23,17,40,2602,0
27,14,41,2603,0
24,13,37,2604,0
23,20,43,2605,0
25,18,43,2606,0
30,16,46,2607,0
28,17,45,2608,0
28,21,49,2609,0
25,20,45,2610,0
22,23,45,2611,0
30,8,38,2612,0
29,13,42,2613,0
16,20,36,2614,0
22,20,42,2615,0
29,23,52,2616,0
29,16,45,2617,0
27,22,49,2618,0
27,16,43,2619,0
25,16,41,2620,0
20,13,33,2621,0
24,10,34,2622,0
24,13,37,2623,0
26,15,41,2624,0
27,18,45,2625,0
27,12,39,2626,0
26,19,45,2627,0
26,20,46,2628,0
20,12,32,2629,0
23,12,35,2630,0
28,17,45,2631,0
29,7,36,2632,0
28,18,46,2633,0
22,18,40,2634,0
27,25,52,2635,0
31,15,46,2636,0
34,25,59,2637,0
25,15,40,2638,0
20,16,36,2639,0
17,32,49,2640,0
20,24,44,2641,0
24,15,39,2642,0
21,6,27,2643,0
33,17,50,2644,0
26,24,50,2645,0
28,24,52,2646,0
18,9,27,2647,0
27,12,39,2648,0
22,12,34,2649,0
23,19,42,2650,0
27,26,53,2651,0
28,21,49,2652,0
28,21,49,2653,0
21,20,41,2654,0
16,19,35,2655,0
25,17,42,2656,0
23,14,37,2657,0
19,6,25,2658,0
21,14,35,2659,0
17,12,29,2660,0
25,16,41,2661,0
26,11,37,2662,0
26,15,41,2663,0
28,16,44,2664,0
21,20,41,2665,0
24,14,38,2666,0
30,16,46,2667,0
20,8,28,2668,0
28,26,54,2669,0
21,16,37,2670,0
23,9,32,2671,0
23,20,43,2672,0
23,15,38,2673,0
22,15,37,2674,0
32,20,52,2675,0
27,14,41,2676,0
24,18,42,2677,0
15,14,29,2678,0
28,20,48,2679,0
27,15,42,2680,0
27,13,40,2681,0
18,17,35,2682,0
32,33,65,2683,0
22,13,35,2684,0
19,21,40,2685,0
31,7,38,2686,0
23,15,38,2687,0
32,15,47,2688,0
23,14,37,2689,0
22,13,35,2690,0
26,17,43,2691,0
18,12,30,2692,0
28,16,44,2693,0
26,20,46,2694,0
23,18,41,2695,0
22,15,37,2696,0
26,11,37,2697,0
23,14,37,2698,0
16,8,24,2699,0
25,18,43,2700,0
32,22,54,2701,0
21,18,39,2702,0
26,14,40,2703,0
25,14,39,2704,0
27,19,46,2705,0
20,12,32,2706,0
31,18,49,2707,0
31,18,49,2708,0
21,11,32,2709,0
21,13,34,2710,0
21,18,39,2711,0
20,14,34,2712,0
21,22,43,2713,0
16,13,29,2714,0
18,12,30,2715,0
23,14,37,2716,0
22,16,38,2717,0
22,12,34,2718,0
26,14,40,2719,0
24,18,42,2720,0
17,13,30,2721,0
18,13,31,2722,0
38,23,61,2723,0
29,23,52,2724,0
16,10,26,2725,0
37,19,56,2726,0
23,14,37,2727,0
17,18,35,2728,0
35,25,60,2729,0
27,22,49,2730,0
30,19,49,2731,0
28,17,45,2732,0
21,24,45,2733,0
29,11,40,2734,0
31,14,45,2735,0
20,16,36,2736,0
22,10,32,2737,0
38,23,61,2738,0
33,28,61,2739,0
26,16,42,2740,0
18,11,29,2741,0
20,15,35,2742,0
31,14,45,2743,0
26,23,49,2744,0
26,14,40,2745,0
25,10,35,2746,0
17,12,29,2747,0
28,7,35,2748,0
15,8,23,2749,0
17,7,24,2750,0
20,16,36,2751,0
23,15,38,2752,0
24,7,31,2753,0
19,17,36,2754,0
26,23,49,2755,0
26,16,42,2756,0
22,15,37,2757,0
23,8,31,2758,0
23,15,38,2759,0
26,22,48,2760,0
33,24,57,2761,0
16,12,28,2762,0
23,17,40,2763,0
16,19,35,2764,0
24,31,55,2765,0
26,14,40,2766,0
26,19,45,2767,0
19,10,29,2768,0
12,12,24,2769,0
29,17,46,2770,0
29,13,42,2771,0
25,20,45,2772,0
23,9,32,2773,0
25,15,40,2774,0
17,10,27,2775,0
21,17,38,2776,0
21,20,41,2777,0
21,19,40,2778,0
21,15,36,2779,0
23,6,29,2780,0
19,12,31,2781,0
23,15,38,2782,0
22,16,38,2783,0
18,12,30,2784,0
40,34,74,2785,0
23,16,39,2786,0
25,20,45,2787,0
33,18,51,2788,0
25,11,36,2789,0
26,24,50,2790,0
33,14,47,2791,0
34,28,62,2792,0
19,15,34,2793,0
24,12,36,2794,0
25,11,36,2795,0
19,11,30,2796,0
27,13,40,2797,0
17,15,32,2798,0
20,12,32,2799,0
23,19,42,2800,0
21,20,41,2801,0
25,18,43,2802,0
26,27,53,2803,0
23,11,34,2804,0
35,15,50,2805,0
29,29,58,2806,0
18,11,29,2807,0
16,15,31,2808,0
20,20,40,2809,0
23,19,42,2810,0
22,18,40,2811,0
26,8,34,2812,0
30,18,48,2813,0
21,17,38,2814,0
17,8,25,2815,0
20,12,32,2816,0
31,12,43,2817,0
18,20,38,2818,0
24,10,34,2819,0
25,17,42,2820,0
23,16,39,2821,0
32,11,43,2822,0
23,23,46,2823,0
31,23,54,2824,0
21,12,33,2825,0
40,18,58,2826,0
37,23,60,2827,0
26,23,49,2828,0
30,18,48,2829,0
32,16,48,2830,0
30,23,53,2831,0
10,7,17,2832,0
19,21,40,2833,0
24,14,38,2834,0
23,16,39,2835,0
19,23,42,2836,0
16,12,28,2837,0
27,14,41,2838,0
22,16,38,2839,0
24,24,48,2840,0
31,22,53,2841,0
31,16,47,2842,0
32,18,50,2843,0
20,13,33,2844,0
21,13,34,2845,0
17,17,34,2846,0
27,16,43,2847,0
26,17,43,2848,0
30,17,47,2849,0
18,14,32,2850,0
24,23,47,2851,0
32,13,45,2852,0
33,18,51,2853,0
27,15,42,2854,0
13,12,25,2855,0
22,16,38,2856,0
30,32,62,2857,0
21,24,45,2858,0
23,12,35,2859,0
27,21,48,2860,0
19,16,35,2861,0
23,13,36,2862,0
29,21,50,2863,0
20,9,29,2864,0
28,25,53,2865,0
16,8,24,2866,0
25,9,34,2867,0
19,15,34,2868,0
25,28,53,2869,0
29,11,40,2870,0
30,13,43,2871,0
32,21,53,2872,0
23,22,45,2873,0
29,16,45,2874,0
29,15,44,2875,0
22,12,34,2876,0
12,8,20,2877,0
26,20,46,2878,0
14,9,23,2879,0
27,16,43,2880,0
27,14,41,2881,0
34,21,55,2882,0
25,15,40,2883,0
28,21,49,2884,0
19,7,26,2885,0
22,10,32,2886,0
25,16,41,2887,0
26,15,41,2888,0
21,17,38,2889,0
30,12,42,2890,0
23,18,41,2891,0
21,19,40,2892,0
20,23,43,2893,0
17,14,31,2894,0
18,13,31,2895,0
24,19,43,2896,0
17,9,26,2897,0
22,8,30,2898,0
18,10,28,2899,0
25,16,41,2900,0
26,25,51,2901,0
33,26,59,2902,0
27,21,48,2903,0
16,13,29,2904,0
20,9,29,2905,0
34,18,52,2906,0
24,13,37,2907,0
22,21,43,2908,0
28,12,40,2909,0
24,9,33,2910,0
30,17,47,2911,0
25,22,47,2912,0
20,10,30,2913,0
25,12,37,2914,0
18,10,28,2915,0
17,11,28,2916,0
31,22,53,2917,0
27,14,41,2918,0
27,13,40,2919,0
22,10,32,2920,0
27,19,46,2921,0
25,11,36,2922,0
27,24,51,2923,0
36,10,46,2924,0
29,30,59,2925,0
21,13,34,2926,0
30,36,66,2927,0
30,20,50,2928,0
20,11,31,2929,0
17,9,26,2930,0
29,27,56,2931,0
23,10,33,2932,0
24,21,45,2933,0
25,22,47,2934,0
28,18,46,2935,0
18,10,28,2936,0
21,15,36,2937,0
28,23,51,2938,0
26,23,49,2939,0
29,16,45,2940,0
18,11,29,2941,0
22,21,43,2942,0
32,27,59,2943,0
26,24,50,2944,0
26,23,49,2945,0
29,21,50,2946,0
22,14,36,2947,0
24,19,43,2948,0
31,24,55,2949,0
16,14,30,2950,0
20,22,42,2951,0
25,14,39,2952,0
18,15,33,2953,0
14,7,21,2954,0
31,16,47,2955,0
26,13,39,2956,0
22,20,42,2957,0
26,22,48,2958,0
25,12,37,2959,0
15,16,31,2960,0
23,22,45,2961,0
23,9,32,2962,0
30,31,61,2963,0
15,12,27,2964,0
23,9,32,2965,0
30,24,54,2966,0
25,28,53,2967,0
21,13,34,2968,0
28,18,46,2969,0
25,15,40,2970,0
18,5,23,2971,0
29,16,45,2972,0
9,10,19,2973,0
30,21,51,2974,0
18,18,36,2975,0
24,15,39,2976,0
30,14,44,2977,0
26,23,49,2978,0
18,16,34,2979,0
29,34,63,2980,0
20,16,36,2981,0
15,18,33,2982,0
27,14,41,2983,0
19,12,31,2984,0
20,16,36,2985,0
33,19,52,2986,0
20,10,30,2987,0
17,22,39,2988,0
30,24,54,2989,0
27,10,37,2990,0
27,21,48,2991,0
25,26,51,2992,0
25,13,38,2993,0
34,24,58,2994,0
19,14,33,2995,0
22,11,33,2996,0
19,10,29,2997,0
22,15,37,2998,0
31,23,54,2999,0
26,15,41,3000,0
28,16,44,3001,0
16,11,27,3002,0
20,19,39,3003,0
32,32,64,3004,0
37,15,52,3005,0
19,12,31,3006,0
30,13,43,3007,0
27,14,41,3008,0
24,11,35,3009,0
26,21,47,3010,0
28,13,41,3011,0
23,18,41,3012,0
29,28,57,3013,0
23,20,43,3014,0
22,16,38,3015,0
19,12,31,3016,0
27,21,48,3017,0
17,10,27,3018,0
20,18,38,3019,0
16,11,27,3020,0
15,19,34,3021,0
24,22,46,3022,0
22,13,35,3023,0
24,18,42,3024,0
23,18,41,3025,0
19,15,34,3026,0
16,18,34,3027,0
34,32,66,3028,0
24,18,42,3029,0
21,21,42,3030,0
21,9,30,3031,0
31,13,44,3032,0
12,16,28,3033,0
36,26,62,3034,0
20,10,30,3035,0
27,23,50,3036,0
24,22,46,3037,0
14,12,26,3038,0
25,25,50,3039,0
28,12,40,3040,0
22,10,32,3041,0
27,14,41,3042,0
12,9,21,3043,0
17,13,30,3044,0
16,20,36,3045,0
25,22,47,3046,0
24,11,35,3047,0
21,10,31,3048,0
26,24,50,3049,0
16,11,27,3050,0
23,15,38,3051,0
27,16,43,3052,0
24,11,35,3053,0
19,9,28,3054,0
24,17,41,3055,0
24,16,40,3056,0
17,15,32,3057,0
28,30,58,3058,0
29,18,47,3059,0
24,24,48,3060,0
26,12,38,3061,0
15,15,30,3062,0
31,21,52,3063,0
20,9,29,3064,0
20,23,43,3065,0
27,21,48,3066,0
14,16,30,3067,0
29,21,50,3068,0
31,19,50,3069,0
24,29,53,3070,0
19,11,30,3071,0
24,11,35,3072,0
23,11,34,3073,0
31,12,43,3074,0
21,17,38,3075,0
27,20,47,3076,0
25,17,42,3077,0
28,12,40,3078,0
24,24,48,3079,0
22,15,37,3080,0
21,10,31,3081,0
21,15,36,3082,0
26,17,43,3083,0
26,17,43,3084,0
17,25,42,3085,0
27,22,49,3086,0
16,8,24,3087,0
24,18,42,3088,0
22,17,39,3089,0
19,6,25,3090,0
24,27,51,3091,0
21,15,36,3092,0
17,6,23,3093,0
24,15,39,3094,0
18,15,33,3095,0
34,24,58,3096,0
18,11,29,3097,0
23,14,37,3098,0
26,23,49,3099,0
18,12,30,3100,0
25,15,40,3101,0
23,14,37,3102,0
16,11,27,3103,0
31,24,55,3104,0
28,27,55,3105,0
30,20,50,3106,0
22,21,43,3107,0
29,11,40,3108,0
26,18,44,3109,0
16,10,26,3110,0
26,16,42,3111,0
36,23,59,3112,0
22,16,38,3113,0
28,20,48,3114,0
17,22,39,3115,0
10,6,16,3116,0
26,20,46,3117,0
28,25,53,3118,0
23,19,42,3119,0
25,19,44,3120,0
26,14,40,3121,0
32,23,55,3122,0
19,18,37,3123,0
29,10,39,3124,0
25,17,42,3125,0
26,19,45,3126,0
22,13,35,3127,0
26,26,52,3128,0
24,19,43,3129,0
19,13,32,3130,0
19,13,32,3131,0
30,30,60,3132,0
24,13,37,3133,0
19,12,31,3134,0
24,23,47,3135,0
18,12,30,3136,0
33,17,50,3137,0
24,19,43,3138,0
27,24,51,3139,0
27,24,51,3140,0
35,19,54,3141,0
27,15,42,3142,0
24,22,46,3143,0
16,10,26,3144,0
35,12,47,3145,0
26,17,43,3146,0
26,15,41,3147,0
19,15,34,3148,0
26,11,37,3149,0
34,10,44,3150,0
31,16,47,3151,0
16,17,33,3152,0
19,11,30,3153,0
18,14,32,3154,0
20,13,33,3155,0
27,13,40,3156,0
26,17,43,3157,0
29,23,52,3158,0
20,9,29,3159,0
30,19,49,3160,0
23,26,49,3161,0
18,16,34,3162,0
30,21,51,3163,0
25,18,43,3164,0
18,15,33,3165,0
17,14,31,3166,0
24,21,45,3167,0
28,22,50,3168,0
23,14,37,3169,0
18,11,29,3170,0
19,16,35,3171,0
26,18,44,3172,0
22,10,32,3173,0
24,23,47,3174,0
20,21,41,3175,0
17,8,25,3176,0
27,18,45,3177,0
25,19,44,3178,0
23,17,40,3179,0
20,19,39,3180,0
28,24,52,3181,0
30,29,59,3182,0
33,18,51,3183,0
24,17,41,3184,0
28,9,37,3185,0
26,21,47,3186,0
28,23,51,3187,0
20,16,36,3188,0
24,13,37,3189,0
15,7,22,3190,0
15,17,32,3191,0
33,19,52,3192,0
38,14,52,3193,0
26,19,45,3194,0
29,22,51,3195,0
25,13,38,3196,0
30,15,45,3197,0
24,12,36,3198,0
34,22,56,3199,0
34,20,54,3200,0
32,26,58,3201,0
30,32,62,3202,0
25,25,50,3203,0
31,23,54,3204,0
21,13,34,3205,0
28,22,50,3206,0
21,12,33,3207,0
33,25,58,3208,0
18,8,26,3209,0
28,24,52,3210,0
34,27,61,3211,0
29,14,43,3212,0
21,20,41,3213,0
22,20,42,3214,0
26,22,48,3215,0
20,11,31,3216,0
25,15,40,3217,0
18,27,45,3218,0
28,12,40,3219,0
19,15,34,3220,0
25,21,46,3221,0
26,22,48,3222,0
20,13,33,3223,0
15,14,29,3224,0
22,9,31,3225,0
27,13,40,3226,0
22,18,40,3227,0
32,20,52,3228,0
25,23,48,3229,0
17,7,24,3230,0
24,12,36,3231,0
25,13,38,3232,0
22,15,37,3233,0
30,14,44,3234,0
30,29,59,3235,0
22,22,44,3236,0
36,24,60,3237,0
26,21,47,3238,0
19,17,36,3239,0
23,11,34,3240,0
27,21,48,3241,0
31,12,43,3242,0
14,8,22,3243,0
27,17,44,3244,0
17,21,38,3245,0
31,21,52,3246,0
26,17,43,3247,0
23,22,45,3248,0
24,15,39,3249,0
20,13,33,3250,0
25,9,34,3251,0
24,16,40,3252,0
32,26,58,3253,0
18,15,33,3254,0
24,22,46,3255,0
15,17,32,3256,0
22,13,35,3257,0
28,23,51,3258,0
20,11,31,3259,0
19,15,34,3260,0
26,19,45,3261,0
20,14,34,3262,0
24,26,50,3263,0
22,18,40,3264,0
24,22,46,3265,0
20,11,31,3266,0
29,12,41,3267,0
20,20,40,3268,0
21,17,38,3269,0
17,14,31,3270,0
21,17,38,3271,0
27,26,53,3272,0
15,18,33,3273,0
18,10,28,3274,0
25,7,32,3275,0
17,21,38,3276,0
30,20,50,3277,0
30,27,57,3278,0
20,21,41,3279,0
18,16,34,3280,0
26,9,35,3281,0
26,11,37,3282,0
23,31,54,3283,0
22,9,31,3284,0
26,20,46,3285,0
19,10,29,3286,0
33,25,58,3287,0
29,29,58,3288,0
32,23,55,3289,0
28,15,43,3290,0
22,14,36,3291,0
17,9,26,3292,0
24,13,37,3293,0
32,26,58,3294,0
23,20,43,3295,0
20,15,35,3296,0
23,14,37,3297,0
29,11,40,3298,0
26,15,41,3299,0
21,12,33,3300,0
29,23,52,3301,0
26,21,47,3302,0
28,24,52,3303,0
26,22,48,3304,0
31,14,45,3305,0
29,18,47,3306,0
38,21,59,3307,0
19,15,34,3308,0
18,17,35,3309,0
18,8,26,3310,0
21,8,29,3311,0
16,13,29,3312,0
23,18,41,3313,0
21,29,50,3314,0
21,11,32,3315,0
30,23,53,3316,0
29,33,62,3317,0
28,16,44,3318,0
31,22,53,3319,0
34,36,70,3320,0
23,14,37,3321,0
24,27,51,3322,0
21,21,42,3323,0
29,31,60,3324,0
17,13,30,3325,0
21,13,34,3326,0
19,13,32,3327,0
20,16,36,3328,0
12,9,21,3329,0
22,15,37,3330,0
29,21,50,3331,0
31,26,57,3332,0
27,15,42,3333,0
22,21,43,3334,0
29,18,47,3335,0
26,14,40,3336,0
19,8,27,3337,0
34,24,58,3338,0
25,14,39,3339,0
28,11,39,3340,0
22,15,37,3341,0
26,20,46,3342,0
29,24,53,3343,0
19,12,31,3344,0
25,26,51,3345,0
31,23,54,3346,0
17,12,29,3347,0
19,12,31,3348,0
33,24,57,3349,0
16,13,29,3350,0
28,15,43,3351,0
28,14,42,3352,0
21,12,33,3353,0
22,15,37,3354,0
22,14,36,3355,0
17,10,27,3356,0
24,20,44,3357,0
29,25,54,3358,0
24,26,50,3359,0
33,14,47,3360,0
22,16,38,3361,0
18,14,32,3362,0
22,16,38,3363,0
26,16,42,3364,0
25,24,49,3365,0
39,18,57,3366,0
30,16,46,3367,0
19,13,32,3368,0
18,12,30,3369,0
16,9,25,3370,0
28,15,43,3371,0
19,11,30,3372,0
18,13,31,3373,0
15,9,24,3374,0
23,20,43,3375,0
31,34,65,3376,0
19,18,37,3377,0
26,22,48,3378,0
28,20,48,3379,0
22,20,42,3380,0
18,11,29,3381,0
22,12,34,3382,0
26,16,42,3383,0
19,14,33,3384,0
29,16,45,3385,0
18,11,29,3386,0
27,16,43,3387,0
21,22,43,3388,0
33,21,54,3389,0
14,21,35,3390,0
22,19,41,3391,0
33,15,48,3392,0
24,11,35,3393,0
32,12,44,3394,0
22,14,36,3395,0
25,14,39,3396,0
18,13,31,3397,0
30,19,49,3398,0
20,9,29,3399,0
24,14,38,3400,0
25,15,40,3401,0
13,16,29,3402,0
27,24,51,3403,0
25,10,35,3404,0
20,18,38,3405,0
24,11,35,3406,0
27,21,48,3407,0
29,17,46,3408,0
24,16,40,3409,0
26,14,40,3410,0
15,17,32,3411,0
14,7,21,3412,0
19,19,38,3413,0
25,19,44,3414,0
21,18,39,3415,0
30,16,46,3416,0
30,11,41,3417,0
18,19,37,3418,0
21,12,33,3419,0
17,7,24,3420,0
20,22,42,3421,0
27,17,44,3422,0
25,19,44,3423,0
19,20,39,3424,0
27,19,46,3425,0
18,13,31,3426,0
29,22,51,3427,0
22,18,40,3428,0
28,15,43,3429,0
22,13,35,3430,0
22,20,42,3431,0
25,18,43,3432,0
23,12,35,3433,0
17,14,31,3434,0
14,19,33,3435,0
26,25,51,3436,0
18,17,35,3437,0
16,19,35,3438,0
31,16,47,3439,0
23,14,37,3440,0
25,13,38,3441,0
17,22,39,3442,0
27,17,44,3443,0
30,29,59,3444,0
16,10,26,3445,0
24,10,34,3446,0
32,32,64,3447,0
31,15,46,3448,0
20,18,38,3449,0
24,21,45,3450,0
20,23,43,3451,0
31,17,48,3452,0
26,22,48,3453,0
29,20,49,3454,0
23,18,41,3455,0
25,18,43,3456,0
15,19,34,3457,0
27,21,48,3458,0
20,24,44,3459,0
28,23,51,3460,0
24,11,35,3461,0
26,12,38,3462,0
13,9,22,3463,0
25,19,44,3464,0
21,22,43,3465,0
24,19,43,3466,0
14,17,31,3467,0
23,22,45,3468,0
18,19,37,3469,0
23,8,31,3470,0
22,15,37,3471,0
24,17,41,3472,0
21,15,36,3473,0
18,10,28,3474,0
24,15,39,3475,0
31,22,53,3476,0
19,22,41,3477,0
26,11,37,3478,0
20,13,33,3479,0
22,12,34,3480,0
31,22,53,3481,0
19,19,38,3482,0
27,8,35,3483,0
28,12,40,3484,0
25,18,43,3485,0
24,18,42,3486,0
20,19,39,3487,0
16,13,29,3488,0
35,34,69,3489,0
29,29,58,3490,0
21,6,27,3491,0
28,16,44,3492,0
26,13,39,3493,0
21,18,39,3494,0
22,18,40,3495,0
16,7,23,3496,0
24,21,45,3497,0
24,10,34,3498,0
25,12,37,3499,0
24,20,44,3500,0
26,20,46,3501,0
36,29,65,3502,0
27,17,44,3503,0
26,15,41,3504,0
30,7,37,3505,0
25,12,37,3506,0
25,18,43,3507,0
25,18,43,3508,0
15,9,24,3509,0
21,15,36,3510,0
25,17,42,3511,0
26,16,42,3512,0
28,14,42,3513,0
30,20,50,3514,0
31,14,45,3515,0
22,10,32,3516,0
14,10,24,3517,0
19,8,27,3518,0
20,17,37,3519,0
20,10,30,3520,0
33,24,57,3521,0
33,21,54,3522,0
24,14,38,3523,0
18,11,29,3524,0
12,7,19,3525,0
27,14,41,3526,0
17,15,32,3527,0
16,18,34,3528,0
18,10,28,3529,0
31,23,54,3530,0
24,13,37,3531,0
33,16,49,3532,0
31,18,49,3533,0
27,13,40,3534,0
26,15,41,3535,0
28,12,40,3536,0
24,20,44,3537,0
24,18,42,3538,0
19,16,35,3539,0
27,19,46,3540,0
16,10,26,3541,0
22,17,39,3542,0
19,20,39,3543,0
18,21,39,3544,0
19,18,37,3545,0
34,27,61,3546,0
18,21,39,3547,0
30,16,46,3548,0
30,17,47,3549,0
26,22,48,3550,0
34,21,55,3551,0
15,24,39,3552,0
18,17,35,3553,0
30,8,38,3554,0
22,10,32,3555,0
18,17,35,3556,0
24,18,42,3557,0
23,17,40,3558,0
32,20,52,3559,0
27,25,52,3560,0
35,16,51,3561,0
24,14,38,3562,0
33,23,56,3563,0
33,27,60,3564,0
33,18,51,3565,0
26,18,44,3566,0
26,10,36,3567,0
24,23,47,3568,0
21,18,39,3569,0
31,15,46,3570,0
16,19,35,3571,0
33,31,64,3572,0
21,14,35,3573,0
26,11,37,3574,0
25,13,38,3575,0
21,16,37,3576,0
20,10,30,3577,0
21,17,38,3578,0
28,17,45,3579,0
28,17,45,3580,0
29,10,39,3581,0
24,21,45,3582,0
20,23,43,3583,0
32,13,45,3584,0
28,12,40,3585,0
29,16,45,3586,0
30,19,49,3587,0
25,22,47,3588,0
18,18,36,3589,0
26,12,38,3590,0
23,18,41,3591,0
21,12,33,3592,0
29,17,46,3593,0
23,27,50,3594,0
30,7,37,3595,0
31,10,41,3596,0
29,23,52,3597,0
34,15,49,3598,0
17,16,33,3599,0
27,21,48,3600,0
21,12,33,3601,0
29,18,47,3602,0
21,11,32,3603,0
15,7,22,3604,0
21,23,44,3605,0
22,12,34,3606,0
16,14,30,3607,0
24,14,38,3608,0
14,13,27,3609,0
22,8,30,3610,0
32,10,42,3611,0
19,14,33,3612,0
18,13,31,3613,0
30,18,48,3614,0
31,22,53,3615,0
30,21,51,3616,0
27,16,43,3617,0
25,19,44,3618,0
27,12,39,3619,0
30,27,57,3620,0
25,20,45,3621,0
27,15,42,3622,0
15,9,24,3623,0
22,19,41,3624,0
17,9,26,3625,0
36,18,54,3626,0
24,15,39,3627,0
25,23,48,3628,0
19,15,34,3629,0
24,19,43,3630,0
34,21,55,3631,0
20,8,28,3632,0
24,22,46,3633,0
28,16,44,3634,0
24,14,38,3635,0
27,12,39,3636,0
26,11,37,3637,0
28,19,47,3638,0
17,15,32,3639,0
22,17,39,3640,0
19,25,44,3641,0
17,14,31,3642,0
22,27,49,3643,0
22,14,36,3644,0
18,14,32,3645,0
28,20,48,3646,0
15,18,33,3647,0
16,10,26,3648,0
11,13,24,3649,0
31,28,59,3650,0
30,15,45,3651,0
19,12,31,3652,0
23,20,43,3653,0
31,22,53,3654,0
23,16,39,3655,0
26,14,40,3656,0
24,17,41,3657,0
27,10,37,3658,0
10,6,16,3659,0
21,12,33,3660,0
19,14,33,3661,0
24,24,48,3662,0
26,22,48,3663,0
34,15,49,3664,0
25,25,50,3665,0
24,13,37,3666,0
27,14,41,3667,0
22,19,41,3668,0
20,18,38,3669,0
26,16,42,3670,0
23,22,45,3671,0
39,22,61,3672,0
18,15,33,3673,0
28,24,52,3674,0
15,10,25,3675,0
28,18,46,3676,0
21,11,32,3677,0
17,16,33,3678,0
35,23,58,3679,0
30,20,50,3680,0
21,14,35,3681,0
21,15,36,3682,0
26,15,41,3683,0
16,25,41,3684,0
28,19,47,3685,0
23,24,47,3686,0
30,17,47,3687,0
24,15,39,3688,0
25,19,44,3689,0
19,15,34,3690,0
16,5,21,3691,0
26,12,38,3692,0
24,16,40,3693,0
19,14,33,3694,0
23,15,38,3695,0
22,15,37,3696,0
21,18,39,3697,0
29,16,45,3698,0
20,12,32,3699,0
26,13,39,3700,0
23,17,40,3701,0
22,7,29,3702,0
20,25,45,3703,0
34,26,60,3704,0
19,10,29,3705,0
19,12,31,3706,0
28,19,47,3707,0
26,23,49,3708,0
18,19,37,3709,0
20,11,31,3710,0
23,20,43,3711,0
27,20,47,3712,0
24,12,36,3713,0
27,27,54,3714,0
22,21,43,3715,0
14,17,31,3716,0
22,11,33,3717,0
32,17,49,3718,0
24,16,40,3719,0
17,17,34,3720,0
25,17,42,3721,0
29,15,44,3722,0
25,17,42,3723,0
23,22,45,3724,0
19,13,32,3725,0
25,12,37,3726,0
27,16,43,3727,0
25,25,50,3728,0
19,9,28,3729,0
24,24,48,3730,0
24,22,46,3731,0
37,15,52,3732,0
23,16,39,3733,0
32,16,48,3734,0
25,14,39,3735,0
28,15,43,3736,0
29,25,54,3737,0
27,18,45,3738,0
20,10,30,3739,0
15,16,31,3740,0
25,25,50,3741,0
19,8,27,3742,0
24,13,37,3743,0
20,17,37,3744,0
29,22,51,3745,0
23,15,38,3746,0
30,27,57,3747,0
20,12,32,3748,0
24,9,33,3749,0
26,14,40,3750,0
31,13,44,3751,0
16,20,36,3752,0
30,18,48,3753,0
21,21,42,3754,0
23,11,34,3755,0
35,21,56,3756,0
32,19,51,3757,0
27,21,48,3758,0
29,20,49,3759,0
11,7,18,3760,0
23,16,39,3761,0
29,22,51,3762,0
31,14,45,3763,0
21,15,36,3764,0
27,13,40,3765,0
20,15,35,3766,0
33,17,50,3767,0
14,14,28,3768,0
25,14,39,3769,0
21,14,35,3770,0
26,13,39,3771,0
25,14,39,3772,0
18,14,32,3773,0
22,24,46,3774,0
29,16,45,3775,0
31,15,46,3776,0
15,15,30,3777,0
29,11,40,3778,0
15,7,22,3779,0
33,10,43,3780,0
25,21,46,3781,0
23,16,39,3782,0
24,26,50,3783,0
28,19,47,3784,0
19,9,28,3785,0
26,21,47,3786,0
30,15,45,3787,0
26,20,46,3788,0
36,21,57,3789,0
22,8,30,3790,0
31,14,45,3791,0
17,6,23,3792,0
22,10,32,3793,0
22,13,35,3794,0
28,14,42,3795,0
34,20,54,3796,0
25,25,50,3797,0
24,12,36,3798,0
23,17,40,3799,0
25,22,47,3800,0
30,14,44,3801,0
27,21,48,3802,0
17,11,28,3803,0
24,20,44,3804,0
24,13,37,3805,0
25,18,43,3806,0
36,37,73,3807,0
28,23,51,3808,0
25,18,43,3809,0
18,12,30,3810,0
26,15,41,3811,0
25,17,42,3812,0
23,16,39,3813,0
31,18,49,3814,0
23,16,39,3815,0
36,24,60,3816,0
22,16,38,3817,0
27,21,48,3818,0
21,12,33,3819,0
23,24,47,3820,0
29,21,50,3821,0
22,18,40,3822,0
30,12,42,3823,0
16,19,35,3824,0
19,17,36,3825,0
19,11,30,3826,0
27,19,46,3827,0
27,19,46,3828,0
34,33,67,3829,0
17,20,37,3830,0
37,32,69,3831,0
33,16,49,3832,0
23,25,48,3833,0
27,24,51,3834,0
26,20,46,3835,0
24,18,42,3836,0
27,25,52,3837,0
17,18,35,3838,0
24,12,36,3839,0
18,10,28,3840,0
23,15,38,3841,0
21,24,45,3842,0
35,18,53,3843,0
27,15,42,3844,0
26,14,40,3845,0
18,17,35,3846,0
20,22,42,3847,0
23,16,39,3848,0
32,18,50,3849,0
21,9,30,3850,0
28,23,51,3851,0
32,18,50,3852,0
21,12,33,3853,0
27,23,50,3854,0
19,24,43,3855,0
33,13,46,3856,0
22,16,38,3857,0
38,19,57,3858,0
25,14,39,3859,0
24,16,40,3860,0
36,19,55,3861,0
28,16,44,3862,0
33,16,49,3863,0
23,26,49,3864,0
18,12,30,3865,0
20,12,32,3866,0
24,21,45,3867,0
27,16,43,3868,0
28,10,38,3869,0
25,16,41,3870,0
21,19,40,3871,0
23,11,34,3872,0
34,20,54,3873,0
28,16,44,3874,0
30,21,51,3875,0
28,20,48,3876,0
22,13,35,3877,0
26,14,40,3878,0
19,19,38,3879,0
19,8,27,3880,0
20,13,33,3881,0
17,12,29,3882,0
32,11,43,3883,0
31,13,44,3884,0
21,11,32,3885,0
32,16,48,3886,0
24,19,43,3887,0
23,19,42,3888,0
19,4,23,3889,0
19,14,33,3890,0
17,19,36,3891,0
17,13,30,3892,0
17,16,33,3893,0
26,16,42,3894,0
25,17,42,3895,0
27,23,50,3896,0
31,18,49,3897,0
29,21,50,3898,0
29,11,40,3899,0
33,14,47,3900,0
31,9,40,3901,0
31,13,44,3902,0
22,23,45,3903,0
23,18,41,3904,0
34,15,49,3905,0
30,21,51,3906,0
29,11,40,3907,0
22,13,35,3908,0
18,13,31,3909,0
20,17,37,3910,0
28,18,46,3911,0
22,21,43,3912,0
26,15,41,3913,0
18,14,32,3914,0
26,14,40,3915,0
26,15,41,3916,0
21,19,40,3917,0
22,14,36,3918,0
19,15,34,3919,0
21,14,35,3920,0
26,22,48,3921,0
23,16,39,3922,0
21,15,36,3923,0
29,20,49,3924,0
17,20,37,3925,0
21,22,43,3926,0
25,17,42,3927,0
20,9,29,3928,0
19,20,39,3929,0
20,15,35,3930,0
19,24,43,3931,0
29,17,46,3932,0
23,16,39,3933,0
25,17,42,3934,0
31,24,55,3935,0
24,22,46,3936,0
25,11,36,3937,0
14,16,30,3938,0
29,13,42,3939,0
31,26,57,3940,0
26,19,45,3941,0
17,6,23,3942,0
20,24,44,3943,0
21,15,36,3944,0
36,17,53,3945,0
35,18,53,3946,0
23,19,42,3947,0
28,18,46,3948,0
24,18,42,3949,0
23,13,36,3950,0
25,26,51,3951,0
22,10,32,3952,0
27,16,43,3953,0
28,26,54,3954,0
27,13,40,3955,0
28,24,52,3956,0
20,12,32,3957,0
14,4,18,3958,0
34,21,55,3959,0
21,13,34,3960,0
27,14,41,3961,0
18,12,30,3962,0
20,15,35,3963,0
18,11,29,3964,0
17,14,31,3965,0
22,15,37,3966,0
20,16,36,3967,0
23,29,52,3968,0
12,20,32,3969,0
24,14,38,3970,0
21,7,28,3971,0
17,11,28,3972,0
30,8,38,3973,0
28,15,43,3974,0
20,6,26,3975,0
19,21,40,3976,0
35,21,56,3977,0
28,15,43,3978,0
24,11,35,3979,0
22,9,31,3980,0
16,17,33,3981,0
16,6,22,3982,0
25,15,40,3983,0
19,14,33,3984,0
30,26,56,3985,0
18,18,36,3986,0
24,18,42,3987,0
17,11,28,3988,0
16,12,28,3989,0
22,20,42,3990,0
19,11,30,3991,0
16,22,38,3992,0
24,6,30,3993,0
21,17,38,3994,0
17,10,27,3995,0
38,24,62,3996,0
26,20,46,3997,0
17,8,25,3998,0
26,17,43,3999,0
27,18,45,4000,0
29,23,52,4001,0
26,12,38,4002,0
24,26,50,4003,0
25,18,43,4004,0
22,14,36,4005,0
28,19,47,4006,0
27,22,49,4007,0
19,18,37,4008,0
22,20,42,4009,0
11,12,23,4010,0
28,16,44,4011,0
26,21,47,4012,0
27,15,42,4013,0
21,10,31,4014,0
27,11,38,4015,0
25,21,46,4016,0
30,19,49,4017,0
28,21,49,4018,0
19,9,28,4019,0
26,17,43,4020,0
13,11,24,4021,0
18,20,38,4022,0
27,19,46,4023,0
32,16,48,4024,0
18,27,45,4025,0
31,18,49,4026,0
30,22,52,4027,0
15,22,37,4028,0
34,21,55,4029,0
24,10,34,4030,0
32,13,45,4031,0
18,14,32,4032,0
21,10,31,4033,0
21,16,37,4034,0
24,16,40,4035,0
19,14,33,4036,0
43,16,59,4037,0
17,8,25,4038,0
27,20,47,4039,0
24,25,49,4040,0
27,10,37,4041,0
24,19,43,4042,0
26,15,41,4043,0
26,18,44,4044,0
26,18,44,4045,0
23,13,36,4046,0
25,14,39,4047,0
28,20,48,4048,0
26,20,46,4049,0
22,13,35,4050,0
26,13,39,4051,0
40,19,59,4052,0
24,16,40,4053,0
27,14,41,4054,0
20,6,26,4055,0
24,20,44,4056,0
23,20,43,4057,0
21,16,37,4058,0
20,11,31,4059,0
25,29,54,4060,0
27,16,43,4061,0
18,10,28,4062,0
26,13,39,4063,0
18,10,28,4064,0
15,20,35,4065,0
17,10,27,4066,0
33,18,51,4067,0
26,13,39,4068,0
25,15,40,4069,0
25,19,44,4070,0
25,26,51,4071,0
29,10,39,4072,0
28,17,45,4073,0
26,16,42,4074,0
33,19,52,4075,0
5,12,17,4076,0
24,20,44,4077,0
34,26,60,4078,0
27,26,53,4079,0
24,15,39,4080,0
25,18,43,4081,0
17,16,33,4082,0
30,24,54,4083,0
28,28,56,4084,0
22,13,35,4085,0
25,22,47,4086,0
33,22,55,4087,0
22,10,32,4088,0
21,15,36,4089,0
22,20,42,4090,0
17,19,36,4091,0
28,26,54,4092,0
24,13,37,4093,0
23,17,40,4094,0
25,18,43,4095,0
20,23,43,4096,0
22,17,39,4097,0
26,16,42,4098,0
20,21,41,4099,0
19,20,39,4100,0
23,13,36,4101,0
18,8,26,4102,0
20,17,37,4103,0
24,7,31,4104,0
16,11,27,4105,0
20,11,31,4106,0
27,9,36,4107,0
23,17,40,4108,0
33,11,44,4109,0
30,19,49,4110,0
30,21,51,4111,0
24,16,40,4112,0
25,15,40,4113,0
23,23,46,4114,0
20,16,36,4115,0
15,11,26,4116,0
28,23,51,4117,0
22,11,33,4118,0
24,18,42,4119,0
28,21,49,4120,0
18,13,31,4121,0
19,17,36,4122,0
15,10,25,4123,0
15,5,20,4124,0
26,17,43,4125,0
22,15,37,4126,0
26,22,48,4127,0
26,13,39,4128,0
23,18,41,4129,0
29,14,43,4130,0
21,21,42,4131,0
26,18,44,4132,0
30,24,54,4133,0
24,17,41,4134,0
29,17,46,4135,0
21,13,34,4136,0
24,11,35,4137,0
19,13,32,4138,0
23,20,43,4139,0
25,17,42,4140,0
17,13,30,4141,0
35,16,51,4142,0
30,21,51,4143,0
32,23,55,4144,0
32,17,49,4145,0
23,13,36,4146,0
18,18,36,4147,0
25,18,43,4148,0
22,25,47,4149,0
20,17,37,4150,0
34,27,61,4151,0
22,28,50,4152,0
17,14,31,4153,0
21,13,34,4154,0
31,23,54,4155,0
23,20,43,4156,0
27,26,53,4157,0
24,20,44,4158,0
17,10,27,4159,0
19,17,36,4160,0
26,17,43,4161,0
20,23,43,4162,0
17,8,25,4163,0
22,21,43,4164,0
25,17,42,4165,0
16,13,29,4166,0
21,12,33,4167,0
33,17,50,4168,0
14,12,26,4169,0
19,10,29,4170,0
13,10,23,4171,0
11,11,22,4172,0
22,7,29,4173,0
26,29,55,4174,0
22,22,44,4175,0
28,18,46,4176,0
18,22,40,4177,0
29,15,44,4178,0
22,28,50,4179,0
30,20,50,4180,0
17,13,30,4181,0
18,16,34,4182,0
21,16,37,4183,0
25,21,46,4184,0
20,7,27,4185,0
29,18,47,4186,0
34,28,62,4187,0
26,8,34,4188,0
25,11,36,4189,0
19,17,36,4190,0
20,15,35,4191,0
22,12,34,4192,0
14,16,30,4193,0
26,26,52,4194,0
22,20,42,4195,0
26,20,46,4196,0
19,28,47,4197,0
24,23,47,4198,0
18,14,32,4199,0
22,15,37,4200,0
31,26,57,4201,0
28,16,44,4202,0
21,21,42,4203,0
30,29,59,4204,0
22,12,34,4205,0
22,18,40,4206,0
27,20,47,4207,0
17,24,41,4208,0
19,11,30,4209,0
24,14,38,4210,0
24,23,47,4211,0
19,13,32,4212,0
22,15,37,4213,0
27,23,50,4214,0
26,19,45,4215,0
20,14,34,4216,0
21,19,40,4217,0
20,18,38,4218,0
23,5,28,4219,0
34,20,54,4220,0
28,30,58,4221,0
31,20,51,4222,0
25,15,40,4223,0
22,16,38,4224,0
30,9,39,4225,0
28,23,51,4226,0
29,19,48,4227,0
25,19,44,4228,0
28,18,46,4229,0
32,21,53,4230,0
26,11,37,4231,0
35,9,44,4232,0
24,8,32,4233,0
21,19,40,4234,0
15,16,31,4235,0
24,15,39,4236,0
19,11,30,4237,0
25,10,35,4238,0
27,22,49,4239,0
29,16,45,4240,0
29,20,49,4241,0
29,28,57,4242,0
34,24,58,4243,0
15,10,25,4244,0
17,10,27,4245,0
26,8,34,4246,0
30,12,42,4247,0
14,10,24,4248,0
22,7,29,4249,0
11,10,21,4250,0
33,24,57,4251,0
25,20,45,4252,0
26,17,43,4253,0
26,13,39,4254,0
18,11,29,4255,0
27,21,48,4256,0
15,8,23,4257,0
18,15,33,4258,0
20,15,35,4259,0
24,14,38,4260,0
22,18,40,4261,0
26,19,45,4262,0
25,13,38,4263,0
23,20,43,4264,0
17,18,35,4265,0
25,22,47,4266,0
18,5,23,4267,0
24,15,39,4268,0
32,18,50,4269,0
34,20,54,4270,0
22,17,39,4271,0
23,16,39,4272,0
13,17,30,4273,0
22,20,42,4274,0
30,22,52,4275,0
26,14,40,4276,0
27,14,41,4277,0
19,20,39,4278,0
17,8,25,4279,0
21,16,37,4280,0
28,24,52,4281,0
30,17,47,4282,0
30,19,49,4283,0
24,21,45,4284,0
22,20,42,4285,0
27,26,53,4286,0
24,16,40,4287,0
37,14,51,4288,0
42,17,59,4289,0
27,19,46,4290,0
25,16,41,4291,0
29,12,41,4292,0
23,23,46,4293,0
16,6,22,4294,0
45,28,73,4295,0
31,17,48,4296,0
16,8,24,4297,0
25,17,42,4298,0
35,29,64,4299,0
23,25,48,4300,0
19,8,27,4301,0
20,14,34,4302,0
28,22,50,4303,0
23,19,42,4304,0
28,17,45,4305,0
22,8,30,4306,0
27,15,42,4307,0
30,18,48,4308,0
22,20,42,4309,0
20,15,35,4310,0
21,18,39,4311,0
13,13,26,4312,0
27,22,49,4313,0
18,17,35,4314,0
22,14,36,4315,0
27,18,45,4316,0
18,17,35,4317,0
33,14,47,4318,0
21,17,38,4319,0
26,19,45,4320,0
24,13,37,4321,0
22,19,41,4322,0
19,26,45,4323,0
27,12,39,4324,0
30,16,46,4325,0
27,19,46,4326,0
31,17,48,4327,0
14,13,27,4328,0
29,13,42,4329,0
16,23,39,4330,0
31,26,57,4331,0
16,19,35,4332,0
32,16,48,4333,0
22,17,39,4334,0
23,22,45,4335,0
23,15,38,4336,0
24,20,44,4337,0
20,13,33,4338,0
20,21,41,4339,0
25,10,35,4340,0
21,17,38,4341,0
23,15,38,4342,0
27,11,38,4343,0
24,19,43,4344,0
23,16,39,4345,0
28,20,48,4346,0
24,15,39,4347,0
31,21,52,4348,0
13,14,27,4349,0
31,22,53,4350,0
24,16,40,4351,0
25,15,40,4352,0
24,15,39,4353,0
30,17,47,4354,0
18,10,28,4355,0
21,18,39,4356,0
26,23,49,4357,0
27,20,47,4358,0
17,11,28,4359,0
25,14,39,4360,0
28,15,43,4361,0
27,14,41,4362,0
29,19,48,4363,0
33,17,50,4364,0
24,8,32,4365,0
25,16,41,4366,0
22,14,36,4367,0
21,14,35,4368,0
30,15,45,4369,0
27,18,45,4370,0
27,15,42,4371,0
22,13,35,4372,0
24,12,36,4373,0
28,23,51,4374,0
30,9,39,4375,0
28,8,36,4376,0
23,15,38,4377,0
20,7,27,4378,0
19,14,33,4379,0
30,31,61,4380,0
21,14,35,4381,0
24,17,41,4382,0
28,22,50,4383,0
21,25,46,4384,0
26,18,44,4385,0
22,17,39,4386,0
31,30,61,4387,0
26,9,35,4388,0
29,30,59,4389,0
18,7,25,4390,0
24,13,37,4391,0
28,19,47,4392,0
16,15,31,4393,0
15,17,32,4394,0
30,15,45,4395,0
20,18,38,4396,0
19,7,26,4397,0
26,16,42,4398,0
30,17,47,4399,0
15,17,32,4400,0
23,20,43,4401,0
20,22,42,4402,0
26,23,49,4403,0
24,15,39,4404,0
22,16,38,4405,0
19,18,37,4406,0
30,12,42,4407,0
21,15,36,4408,0
38,14,52,4409,0
25,12,37,4410,0
27,21,48,4411,0
17,12,29,4412,0
23,10,33,4413,0
30,21,51,4414,0
20,13,33,4415,0
19,24,43,4416,0
24,14,38,4417,0
13,14,27,4418,0
25,20,45,4419,0
28,12,40,4420,0
26,23,49,4421,0
22,13,35,4422,0
28,24,52,4423,0
28,12,40,4424,0
19,15,34,4425,0
31,24,55,4426,0
26,14,40,4427,0
28,13,41,4428,0
20,11,31,4429,0
23,18,41,4430,0
11,12,23,4431,0
21,10,31,4432,0
32,9,41,4433,0
27,27,54,4434,0
31,20,51,4435,0
31,13,44,4436,0
20,17,37,4437,0
28,21,49,4438,0
23,14,37,4439,0
24,7,31,4440,0
18,21,39,4441,0
23,21,44,4442,0
24,5,29,4443,0
15,11,26,4444,0
30,17,47,4445,0
18,20,38,4446,0
30,22,52,4447,0
16,6,22,4448,0
18,9,27,4449,0
35,24,59,4450,0
25,19,44,4451,0
30,14,44,4452,0
14,8,22,4453,0
20,23,43,4454,0
25,12,37,4455,0
18,13,31,4456,0
19,19,38,4457,0
30,22,52,4458,0
26,21,47,4459,0
29,22,51,4460,0
29,16,45,4461,0
24,18,42,4462,0
27,17,44,4463,0
33,20,53,4464,0
24,21,45,4465,0
22,20,42,4466,0
20,13,33,4467,0
33,17,50,4468,0
30,21,51,4469,0
28,14,42,4470,0
14,15,29,4471,0
25,21,46,4472,0
32,23,55,4473,0
19,19,38,4474,0
22,13,35,4475,0
19,17,36,4476,0
20,12,32,4477,0
32,21,53,4478,0
30,25,55,4479,0
29,11,40,4480,0
18,8,26,4481,0
23,10,33,4482,0
29,30,59,4483,0
26,20,46,4484,0
17,9,26,4485,0
23,13,36,4486,0
24,14,38,4487,0
27,21,48,4488,0
26,14,40,4489,0
26,24,50,4490,0
30,20,50,4491,0
15,16,31,4492,0
22,8,30,4493,0
26,21,47,4494,0
22,22,44,4495,0
27,18,45,4496,0
19,10,29,4497,0
19,14,33,4498,0
33,16,49,4499,0
25,18,43,4500,0
