"acq_PA","acq_PE","acq_tot","sim_id","scenario"
10,5,15,1,0
9,5,14,2,0
15,3,18,3,0
5,5,10,4,0
9,5,14,5,0
8,1,9,6,0
19,6,25,7,0
6,6,12,8,0
9,3,12,9,0
14,6,20,10,0
13,6,19,11,0
5,3,8,12,0
10,0,10,13,0
11,3,14,14,0
13,7,20,15,0
9,6,15,16,0
14,11,25,17,0
7,3,10,18,0
13,8,21,19,0
16,4,20,20,0
16,13,29,21,0
15,10,25,22,0
7,2,9,23,0
11,4,15,24,0
10,4,14,25,0
10,5,15,26,0
15,6,21,27,0
19,9,28,28,0
18,12,30,29,0
8,8,16,30,0
16,2,18,31,0
9,5,14,32,0
14,8,22,33,0
13,6,19,34,0
4,5,9,35,0
5,2,7,36,0
6,5,11,37,0
5,5,10,38,0
6,1,7,39,0
7,5,12,40,0
6,1,7,41,0
10,6,16,42,0
13,8,21,43,0
16,6,22,44,0
8,4,12,45,0
11,2,13,46,0
8,3,11,47,0
4,3,7,48,0
10,2,12,49,0
14,9,23,50,0
7,6,13,51,0
4,3,7,52,0
12,6,18,53,0
6,6,12,54,0
13,2,15,55,0
8,5,13,56,0
8,3,11,57,0
8,5,13,58,0
14,3,17,59,0
20,5,25,60,0
4,0,4,61,0
13,8,21,62,0
6,2,8,63,0
12,5,17,64,0
8,1,9,65,0
13,6,19,66,0
9,5,14,67,0
8,9,17,68,0
3,2,5,69,0
16,4,20,70,0
16,15,31,71,0
13,5,18,72,0
13,6,19,73,0
11,9,20,74,0
11,2,13,75,0
6,4,10,76,0
8,2,10,77,0
14,5,19,78,0
10,2,12,79,0
9,5,14,80,0
12,3,15,81,0
8,6,14,82,0
4,0,4,83,0
6,7,13,84,0
6,2,8,85,0
13,5,18,86,0
19,2,21,87,0
11,3,14,88,0
5,7,12,89,0
10,4,14,90,0
8,3,11,91,0
13,11,24,92,0
16,6,22,93,0
6,5,11,94,0
8,7,15,95,0
15,5,20,96,0
14,3,17,97,0
11,9,20,98,0
9,4,13,99,0
10,2,12,100,0
4,3,7,101,0
4,2,6,102,0
9,3,12,103,0
6,4,10,104,0
12,3,15,105,0
22,7,29,106,0
10,4,14,107,0
12,7,19,108,0
9,5,14,109,0
12,6,18,110,0
14,3,17,111,0
9,6,15,112,0
19,3,22,113,0
10,7,17,114,0
16,13,29,115,0
10,11,21,116,0
11,4,15,117,0
10,7,17,118,0
12,4,16,119,0
7,4,11,120,0
13,5,18,121,0
10,1,11,122,0
11,8,19,123,0
14,6,20,124,0
11,8,19,125,0
11,3,14,126,0
11,6,17,127,0
8,2,10,128,0
17,3,20,129,0
15,5,20,130,0
9,4,13,131,0
10,6,16,132,0
13,8,21,133,0
12,5,17,134,0
11,4,15,135,0
10,2,12,136,0
8,6,14,137,0
11,2,13,138,0
10,4,14,139,0
5,9,14,140,0
11,6,17,141,0
14,7,21,142,0
18,5,23,143,0
10,9,19,144,0
11,5,16,145,0
9,4,13,146,0
13,9,22,147,0
12,5,17,148,0
7,4,11,149,0
10,5,15,150,0
14,5,19,151,0
9,7,16,152,0
16,3,19,153,0
8,3,11,154,0
6,2,8,155,0
6,4,10,156,0
8,1,9,157,0
11,11,22,158,0
10,6,16,159,0
14,9,23,160,0
8,7,15,161,0
7,4,11,162,0
16,1,17,163,0
9,4,13,164,0
9,7,16,165,0
14,5,19,166,0
9,1,10,167,0
7,6,13,168,0
10,8,18,169,0
0,1,1,170,0
8,7,15,171,0
11,4,15,172,0
13,9,22,173,0
3,1,4,174,0
8,4,12,175,0
16,3,19,176,0
10,1,11,177,0
10,1,11,178,0
8,3,11,179,0
10,5,15,180,0
9,2,11,181,0
9,7,16,182,0
14,5,19,183,0
17,1,18,184,0
8,4,12,185,0
13,1,14,186,0
11,3,14,187,0
12,4,16,188,0
11,7,18,189,0
14,7,21,190,0
11,6,17,191,0
14,5,19,192,0
4,3,7,193,0
6,1,7,194,0
4,0,4,195,0
6,1,7,196,0
13,3,16,197,0
15,4,19,198,0
13,8,21,199,0
9,2,11,200,0
14,6,20,201,0
19,5,24,202,0
13,2,15,203,0
6,1,7,204,0
18,11,29,205,0
7,9,16,206,0
8,9,17,207,0
9,3,12,208,0
8,3,11,209,0
11,4,15,210,0
13,5,18,211,0
15,6,21,212,0
12,9,21,213,0
10,3,13,214,0
7,4,11,215,0
9,2,11,216,0
15,9,24,217,0
3,0,3,218,0
12,6,18,219,0
11,3,14,220,0
9,6,15,221,0
10,5,15,222,0
11,3,14,223,0
16,7,23,224,0
10,5,15,225,0
11,7,18,226,0
13,8,21,227,0
6,5,11,228,0
14,9,23,229,0
3,5,8,230,0
11,4,15,231,0
8,3,11,232,0
10,2,12,233,0
11,4,15,234,0
5,1,6,235,0
12,0,12,236,0
7,2,9,237,0
12,6,18,238,0
6,0,6,239,0
9,3,12,240,0
5,10,15,241,0
12,9,21,242,0
6,6,12,243,0
13,5,18,244,0
4,3,7,245,0
5,2,7,246,0
15,5,20,247,0
5,2,7,248,0
10,4,14,249,0
9,4,13,250,0
14,3,17,251,0
8,0,8,252,0
4,7,11,253,0
7,0,7,254,0
17,9,26,255,0
17,7,24,256,0
12,3,15,257,0
5,4,9,258,0
11,4,15,259,0
17,7,24,260,0
2,1,3,261,0
11,3,14,262,0
9,7,16,263,0
11,6,17,264,0
10,2,12,265,0
15,8,23,266,0
9,4,13,267,0
12,8,20,268,0
5,0,5,269,0
12,10,22,270,0
11,3,14,271,0
0,0,0,272,0
7,1,8,273,0
12,3,15,274,0
12,8,20,275,0
12,2,14,276,0
5,3,8,277,0
7,5,12,278,0
8,3,11,279,0
7,2,9,280,0
11,3,14,281,0
16,3,19,282,0
4,3,7,283,0
12,6,18,284,0
8,5,13,285,0
5,4,9,286,0
6,1,7,287,0
9,1,10,288,0
7,6,13,289,0
9,6,15,290,0
10,2,12,291,0
8,4,12,292,0
9,4,13,293,0
11,2,13,294,0
13,4,17,295,0
12,4,16,296,0
11,8,19,297,0
9,3,12,298,0
12,8,20,299,0
16,18,34,300,0
12,5,17,301,0
15,9,24,302,0
11,6,17,303,0
9,3,12,304,0
12,3,15,305,0
9,4,13,306,0
15,6,21,307,0
8,3,11,308,0
15,8,23,309,0
15,5,20,310,0
10,2,12,311,0
4,1,5,312,0
9,5,14,313,0
7,1,8,314,0
10,4,14,315,0
4,3,7,316,0
12,7,19,317,0
12,4,16,318,0
4,4,8,319,0
1,3,4,320,0
4,0,4,321,0
7,4,11,322,0
13,9,22,323,0
10,4,14,324,0
7,0,7,325,0
11,7,18,326,0
12,3,15,327,0
10,4,14,328,0
17,8,25,329,0
5,3,8,330,0
10,3,13,331,0
14,3,17,332,0
12,3,15,333,0
1,0,1,334,0
17,5,22,335,0
12,9,21,336,0
7,1,8,337,0
8,9,17,338,0
10,4,14,339,0
10,7,17,340,0
9,3,12,341,0
10,3,13,342,0
15,8,23,343,0
8,3,11,344,0
15,6,21,345,0
12,5,17,346,0
3,0,3,347,0
2,1,3,348,0
7,4,11,349,0
11,4,15,350,0
5,5,10,351,0
13,3,16,352,0
8,3,11,353,0
8,5,13,354,0
13,12,25,355,0
9,5,14,356,0
7,1,8,357,0
11,4,15,358,0
10,7,17,359,0
10,4,14,360,0
9,7,16,361,0
11,2,13,362,0
8,1,9,363,0
10,6,16,364,0
12,3,15,365,0
6,2,8,366,0
6,4,10,367,0
10,7,17,368,0
8,7,15,369,0
10,6,16,370,0
15,6,21,371,0
9,8,17,372,0
11,3,14,373,0
10,7,17,374,0
8,4,12,375,0
8,6,14,376,0
10,7,17,377,0
14,4,18,378,0
9,8,17,379,0
13,13,26,380,0
11,3,14,381,0
6,1,7,382,0
6,3,9,383,0
7,5,12,384,0
8,2,10,385,0
2,1,3,386,0
17,6,23,387,0
13,4,17,388,0
10,4,14,389,0
7,5,12,390,0
3,0,3,391,0
6,4,10,392,0
17,6,23,393,0
10,6,16,394,0
6,2,8,395,0
11,4,15,396,0
16,8,24,397,0
7,3,10,398,0
4,4,8,399,0
8,2,10,400,0
7,3,10,401,0
9,1,10,402,0
20,6,26,403,0
13,6,19,404,0
12,4,16,405,0
12,5,17,406,0
13,2,15,407,0
8,5,13,408,0
8,5,13,409,0
12,2,14,410,0
10,6,16,411,0
5,6,11,412,0
15,5,20,413,0
9,3,12,414,0
4,0,4,415,0
10,3,13,416,0
11,5,16,417,0
10,0,10,418,0
5,2,7,419,0
12,8,20,420,0
8,10,18,421,0
8,0,8,422,0
8,1,9,423,0
9,4,13,424,0
11,5,16,425,0
4,8,12,426,0
9,9,18,427,0
16,3,19,428,0
10,1,11,429,0
5,2,7,430,0
9,4,13,431,0
15,2,17,432,0
10,2,12,433,0
12,9,21,434,0
8,8,16,435,0
6,2,8,436,0
2,1,3,437,0
14,5,19,438,0
6,3,9,439,0
10,4,14,440,0
6,2,8,441,0
2,1,3,442,0
2,3,5,443,0
12,3,15,444,0
8,6,14,445,0
16,3,19,446,0
9,6,15,447,0
15,5,20,448,0
9,4,13,449,0
11,7,18,450,0
11,4,15,451,0
13,8,21,452,0
7,5,12,453,0
5,5,10,454,0
7,7,14,455,0
7,7,14,456,0
10,3,13,457,0
8,1,9,458,0
5,6,11,459,0
6,1,7,460,0
6,2,8,461,0
8,5,13,462,0
9,10,19,463,0
10,14,24,464,0
12,5,17,465,0
11,5,16,466,0
8,4,12,467,0
7,4,11,468,0
6,4,10,469,0
11,3,14,470,0
3,6,9,471,0
15,5,20,472,0
7,1,8,473,0
14,5,19,474,0
13,7,20,475,0
10,2,12,476,0
13,11,24,477,0
7,4,11,478,0
11,3,14,479,0
5,3,8,480,0
7,8,15,481,0
7,0,7,482,0
11,4,15,483,0
14,8,22,484,0
12,2,14,485,0
7,1,8,486,0
5,5,10,487,0
10,6,16,488,0
9,1,10,489,0
7,4,11,490,0
10,7,17,491,0
6,6,12,492,0
9,4,13,493,0
16,6,22,494,0
11,3,14,495,0
14,6,20,496,0
6,5,11,497,0
10,4,14,498,0
8,7,15,499,0
8,4,12,500,0
10,3,13,501,0
5,3,8,502,0
11,4,15,503,0
16,4,20,504,0
11,7,18,505,0
12,8,20,506,0
1,0,1,507,0
5,7,12,508,0
18,8,26,509,0
12,11,23,510,0
8,5,13,511,0
11,7,18,512,0
11,3,14,513,0
14,12,26,514,0
7,3,10,515,0
10,3,13,516,0
7,2,9,517,0
20,15,35,518,0
13,10,23,519,0
9,4,13,520,0
9,3,12,521,0
7,4,11,522,0
9,2,11,523,0
3,5,8,524,0
15,6,21,525,0
16,4,20,526,0
6,8,14,527,0
11,9,20,528,0
8,6,14,529,0
10,6,16,530,0
8,5,13,531,0
14,6,20,532,0
16,4,20,533,0
4,4,8,534,0
6,13,19,535,0
4,2,6,536,0
8,0,8,537,0
9,3,12,538,0
9,5,14,539,0
10,2,12,540,0
11,5,16,541,0
5,6,11,542,0
11,6,17,543,0
8,4,12,544,0
13,9,22,545,0
9,1,10,546,0
14,5,19,547,0
6,8,14,548,0
3,5,8,549,0
12,4,16,550,0
9,1,10,551,0
13,6,19,552,0
10,5,15,553,0
13,5,18,554,0
7,3,10,555,0
6,5,11,556,0
16,4,20,557,0
12,3,15,558,0
11,3,14,559,0
16,2,18,560,0
9,5,14,561,0
9,6,15,562,0
21,5,26,563,0
10,5,15,564,0
13,4,17,565,0
8,6,14,566,0
7,3,10,567,0
7,1,8,568,0
2,0,2,569,0
9,9,18,570,0
7,3,10,571,0
10,4,14,572,0
10,3,13,573,0
9,6,15,574,0
10,5,15,575,0
24,6,30,576,0
10,5,15,577,0
7,0,7,578,0
3,1,4,579,0
7,4,11,580,0
4,3,7,581,0
10,3,13,582,0
11,8,19,583,0
7,3,10,584,0
11,7,18,585,0
10,4,14,586,0
15,3,18,587,0
9,8,17,588,0
9,12,21,589,0
11,8,19,590,0
4,2,6,591,0
12,2,14,592,0
5,4,9,593,0
13,6,19,594,0
6,1,7,595,0
7,5,12,596,0
13,3,16,597,0
13,5,18,598,0
13,10,23,599,0
13,3,16,600,0
6,6,12,601,0
18,2,20,602,0
12,4,16,603,0
8,4,12,604,0
8,5,13,605,0
7,7,14,606,0
13,1,14,607,0
7,0,7,608,0
7,9,16,609,0
13,7,20,610,0
7,1,8,611,0
5,14,19,612,0
6,9,15,613,0
14,5,19,614,0
9,10,19,615,0
15,3,18,616,0
7,2,9,617,0
11,6,17,618,0
13,3,16,619,0
12,4,16,620,0
11,6,17,621,0
3,6,9,622,0
12,8,20,623,0
15,8,23,624,0
12,3,15,625,0
10,6,16,626,0
19,5,24,627,0
2,1,3,628,0
10,4,14,629,0
7,3,10,630,0
9,6,15,631,0
7,1,8,632,0
13,7,20,633,0
13,4,17,634,0
7,9,16,635,0
13,8,21,636,0
9,8,17,637,0
14,7,21,638,0
13,4,17,639,0
5,3,8,640,0
11,6,17,641,0
4,0,4,642,0
9,4,13,643,0
5,2,7,644,0
5,4,9,645,0
8,4,12,646,0
15,5,20,647,0
9,8,17,648,0
9,6,15,649,0
11,5,16,650,0
3,1,4,651,0
6,6,12,652,0
11,5,16,653,0
9,6,15,654,0
7,3,10,655,0
5,1,6,656,0
7,4,11,657,0
10,5,15,658,0
7,5,12,659,0
9,5,14,660,0
7,8,15,661,0
11,4,15,662,0
7,4,11,663,0
8,1,9,664,0
5,6,11,665,0
9,4,13,666,0
15,3,18,667,0
13,5,18,668,0
11,2,13,669,0
10,6,16,670,0
10,6,16,671,0
13,1,14,672,0
17,5,22,673,0
7,4,11,674,0
10,3,13,675,0
17,4,21,676,0
10,3,13,677,0
14,4,18,678,0
10,5,15,679,0
18,11,29,680,0
4,3,7,681,0
15,11,26,682,0
13,11,24,683,0
10,5,15,684,0
12,2,14,685,0
21,9,30,686,0
7,6,13,687,0
8,12,20,688,0
6,1,7,689,0
15,8,23,690,0
5,3,8,691,0
15,7,22,692,0
6,3,9,693,0
8,4,12,694,0
7,3,10,695,0
17,9,26,696,0
7,7,14,697,0
11,2,13,698,0
2,2,4,699,0
4,5,9,700,0
9,15,24,701,0
5,4,9,702,0
14,7,21,703,0
14,2,16,704,0
2,0,2,705,0
6,5,11,706,0
2,2,4,707,0
10,6,16,708,0
11,4,15,709,0
14,9,23,710,0
12,6,18,711,0
19,9,28,712,0
5,9,14,713,0
26,7,33,714,0
11,5,16,715,0
16,7,23,716,0
8,6,14,717,0
14,6,20,718,0
13,6,19,719,0
15,6,21,720,0
10,5,15,721,0
6,4,10,722,0
11,7,18,723,0
7,5,12,724,0
7,6,13,725,0
12,3,15,726,0
10,13,23,727,0
10,6,16,728,0
10,3,13,729,0
9,2,11,730,0
6,2,8,731,0
12,4,16,732,0
12,7,19,733,0
9,6,15,734,0
14,4,18,735,0
21,13,34,736,0
7,3,10,737,0
10,6,16,738,0
16,2,18,739,0
5,5,10,740,0
8,5,13,741,0
15,8,23,742,0
9,7,16,743,0
7,2,9,744,0
15,7,22,745,0
9,6,15,746,0
15,4,19,747,0
12,11,23,748,0
13,2,15,749,0
11,4,15,750,0
10,13,23,751,0
15,6,21,752,0
14,5,19,753,0
5,2,7,754,0
13,4,17,755,0
18,7,25,756,0
11,5,16,757,0
7,5,12,758,0
12,7,19,759,0
11,5,16,760,0
6,2,8,761,0
11,5,16,762,0
8,5,13,763,0
7,4,11,764,0
13,7,20,765,0
7,0,7,766,0
10,3,13,767,0
7,4,11,768,0
12,5,17,769,0
9,6,15,770,0
13,4,17,771,0
12,5,17,772,0
19,8,27,773,0
6,3,9,774,0
5,4,9,775,0
8,1,9,776,0
15,3,18,777,0
14,5,19,778,0
11,3,14,779,0
14,6,20,780,0
12,3,15,781,0
9,5,14,782,0
14,4,18,783,0
11,7,18,784,0
9,4,13,785,0
15,0,15,786,0
14,2,16,787,0
12,7,19,788,0
11,7,18,789,0
9,6,15,790,0
5,1,6,791,0
8,8,16,792,0
15,9,24,793,0
14,5,19,794,0
8,2,10,795,0
2,4,6,796,0
11,11,22,797,0
20,11,31,798,0
12,8,20,799,0
8,2,10,800,0
10,5,15,801,0
17,4,21,802,0
7,7,14,803,0
15,2,17,804,0
8,7,15,805,0
14,6,20,806,0
8,4,12,807,0
9,6,15,808,0
13,5,18,809,0
9,2,11,810,0
17,6,23,811,0
12,14,26,812,0
6,1,7,813,0
8,6,14,814,0
9,3,12,815,0
15,5,20,816,0
12,2,14,817,0
10,6,16,818,0
11,0,11,819,0
11,3,14,820,0
4,2,6,821,0
10,11,21,822,0
8,2,10,823,0
15,4,19,824,0
9,6,15,825,0
10,4,14,826,0
14,4,18,827,0
8,3,11,828,0
6,2,8,829,0
6,4,10,830,0
7,4,11,831,0
11,2,13,832,0
10,2,12,833,0
5,0,5,834,0
13,3,16,835,0
7,3,10,836,0
9,2,11,837,0
10,2,12,838,0
3,1,4,839,0
12,3,15,840,0
10,5,15,841,0
9,1,10,842,0
11,9,20,843,0
4,3,7,844,0
9,5,14,845,0
15,4,19,846,0
10,4,14,847,0
13,8,21,848,0
14,6,20,849,0
11,5,16,850,0
8,4,12,851,0
4,8,12,852,0
14,7,21,853,0
8,6,14,854,0
14,9,23,855,0
8,9,17,856,0
6,0,6,857,0
9,3,12,858,0
6,5,11,859,0
8,2,10,860,0
14,4,18,861,0
4,1,5,862,0
11,7,18,863,0
8,1,9,864,0
6,4,10,865,0
7,3,10,866,0
12,4,16,867,0
8,4,12,868,0
9,6,15,869,0
9,1,10,870,0
1,3,4,871,0
13,5,18,872,0
15,7,22,873,0
19,7,26,874,0
9,6,15,875,0
16,2,18,876,0
7,6,13,877,0
9,1,10,878,0
13,13,26,879,0
7,4,11,880,0
4,5,9,881,0
7,6,13,882,0
5,4,9,883,0
8,1,9,884,0
9,5,14,885,0
10,1,11,886,0
13,11,24,887,0
5,3,8,888,0
6,5,11,889,0
16,10,26,890,0
13,3,16,891,0
9,2,11,892,0
11,6,17,893,0
19,1,20,894,0
18,11,29,895,0
11,6,17,896,0
7,7,14,897,0
2,1,3,898,0
13,10,23,899,0
9,9,18,900,0
9,3,12,901,0
9,3,12,902,0
6,2,8,903,0
7,7,14,904,0
8,4,12,905,0
8,1,9,906,0
16,3,19,907,0
6,7,13,908,0
12,3,15,909,0
15,5,20,910,0
9,5,14,911,0
5,4,9,912,0
4,2,6,913,0
12,4,16,914,0
10,4,14,915,0
9,10,19,916,0
10,5,15,917,0
9,3,12,918,0
12,2,14,919,0
12,4,16,920,0
8,0,8,921,0
13,5,18,922,0
10,2,12,923,0
10,7,17,924,0
6,6,12,925,0
10,9,19,926,0
5,0,5,927,0
6,3,9,928,0
7,6,13,929,0
18,5,23,930,0
16,7,23,931,0
10,6,16,932,0
15,9,24,933,0
10,3,13,934,0
7,8,15,935,0
5,1,6,936,0
9,2,11,937,0
19,11,30,938,0
5,1,6,939,0
16,10,26,940,0
9,8,17,941,0
15,6,21,942,0
10,3,13,943,0
11,7,18,944,0
4,0,4,945,0
7,3,10,946,0
4,4,8,947,0
4,2,6,948,0
11,3,14,949,0
12,5,17,950,0
5,4,9,951,0
7,3,10,952,0
14,5,19,953,0
19,5,24,954,0
11,3,14,955,0
11,8,19,956,0
11,4,15,957,0
6,4,10,958,0
9,3,12,959,0
9,7,16,960,0
10,3,13,961,0
7,6,13,962,0
6,4,10,963,0
3,2,5,964,0
18,6,24,965,0
7,3,10,966,0
23,12,35,967,0
9,1,10,968,0
11,8,19,969,0
7,2,9,970,0
12,3,15,971,0
7,4,11,972,0
7,6,13,973,0
12,6,18,974,0
12,5,17,975,0
8,6,14,976,0
18,7,25,977,0
7,6,13,978,0
8,3,11,979,0
13,7,20,980,0
11,2,13,981,0
10,6,16,982,0
13,8,21,983,0
11,3,14,984,0
9,7,16,985,0
19,5,24,986,0
3,4,7,987,0
7,4,11,988,0
8,3,11,989,0
12,4,16,990,0
7,6,13,991,0
14,3,17,992,0
16,5,21,993,0
9,6,15,994,0
7,4,11,995,0
8,3,11,996,0
12,5,17,997,0
8,1,9,998,0
12,6,18,999,0
17,9,26,1000,0
5,5,10,1001,0
19,6,25,1002,0
8,4,12,1003,0
13,4,17,1004,0
16,8,24,1005,0
9,2,11,1006,0
9,4,13,1007,0
13,7,20,1008,0
8,1,9,1009,0
11,1,12,1010,0
12,4,16,1011,0
11,3,14,1012,0
12,3,15,1013,0
12,8,20,1014,0
2,0,2,1015,0
9,16,25,1016,0
4,2,6,1017,0
16,11,27,1018,0
10,7,17,1019,0
10,7,17,1020,0
17,5,22,1021,0
14,7,21,1022,0
8,6,14,1023,0
7,4,11,1024,0
9,3,12,1025,0
10,4,14,1026,0
10,3,13,1027,0
14,8,22,1028,0
13,2,15,1029,0
20,8,28,1030,0
11,6,17,1031,0
4,6,10,1032,0
12,7,19,1033,0
9,6,15,1034,0
12,8,20,1035,0
5,2,7,1036,0
15,5,20,1037,0
12,10,22,1038,0
7,3,10,1039,0
5,2,7,1040,0
8,4,12,1041,0
7,12,19,1042,0
13,3,16,1043,0
16,6,22,1044,0
10,3,13,1045,0
12,5,17,1046,0
5,7,12,1047,0
17,5,22,1048,0
12,9,21,1049,0
13,3,16,1050,0
7,6,13,1051,0
11,4,15,1052,0
14,3,17,1053,0
10,5,15,1054,0
8,5,13,1055,0
4,3,7,1056,0
15,5,20,1057,0
17,7,24,1058,0
13,3,16,1059,0
10,2,12,1060,0
6,8,14,1061,0
7,2,9,1062,0
12,5,17,1063,0
12,4,16,1064,0
16,7,23,1065,0
12,4,16,1066,0
5,0,5,1067,0
15,11,26,1068,0
11,4,15,1069,0
9,3,12,1070,0
11,0,11,1071,0
6,5,11,1072,0
13,1,14,1073,0
14,3,17,1074,0
6,3,9,1075,0
12,5,17,1076,0
5,9,14,1077,0
9,8,17,1078,0
4,3,7,1079,0
11,8,19,1080,0
11,4,15,1081,0
6,2,8,1082,0
6,3,9,1083,0
5,4,9,1084,0
11,5,16,1085,0
11,9,20,1086,0
8,4,12,1087,0
10,8,18,1088,0
13,4,17,1089,0
13,2,15,1090,0
4,2,6,1091,0
7,4,11,1092,0
4,1,5,1093,0
10,7,17,1094,0
12,9,21,1095,0
11,1,12,1096,0
9,7,16,1097,0
10,5,15,1098,0
13,3,16,1099,0
20,7,27,1100,0
13,8,21,1101,0
10,3,13,1102,0
12,2,14,1103,0
12,3,15,1104,0
17,9,26,1105,0
13,2,15,1106,0
12,7,19,1107,0
7,4,11,1108,0
12,5,17,1109,0
10,3,13,1110,0
8,2,10,1111,0
12,6,18,1112,0
11,3,14,1113,0
6,3,9,1114,0
15,4,19,1115,0
15,6,21,1116,0
12,10,22,1117,0
11,10,21,1118,0
16,7,23,1119,0
10,2,12,1120,0
14,5,19,1121,0
17,5,22,1122,0
13,9,22,1123,0
2,1,3,1124,0
6,4,10,1125,0
11,3,14,1126,0
19,5,24,1127,0
11,3,14,1128,0
8,3,11,1129,0
13,10,23,1130,0
11,5,16,1131,0
10,4,14,1132,0
9,3,12,1133,0
9,7,16,1134,0
3,4,7,1135,0
9,6,15,1136,0
8,2,10,1137,0
5,3,8,1138,0
9,7,16,1139,0
3,4,7,1140,0
3,4,7,1141,0
4,6,10,1142,0
14,6,20,1143,0
12,4,16,1144,0
12,8,20,1145,0
12,2,14,1146,0
10,4,14,1147,0
16,5,21,1148,0
11,8,19,1149,0
14,11,25,1150,0
9,1,10,1151,0
6,6,12,1152,0
9,2,11,1153,0
16,2,18,1154,0
19,5,24,1155,0
13,9,22,1156,0
12,5,17,1157,0
4,4,8,1158,0
8,6,14,1159,0
8,3,11,1160,0
10,4,14,1161,0
7,6,13,1162,0
9,2,11,1163,0
11,5,16,1164,0
14,6,20,1165,0
13,8,21,1166,0
16,5,21,1167,0
8,0,8,1168,0
5,8,13,1169,0
11,3,14,1170,0
4,0,4,1171,0
10,4,14,1172,0
9,4,13,1173,0
14,3,17,1174,0
11,7,18,1175,0
7,4,11,1176,0
15,4,19,1177,0
6,2,8,1178,0
7,4,11,1179,0
17,1,18,1180,0
8,1,9,1181,0
4,1,5,1182,0
15,7,22,1183,0
11,2,13,1184,0
7,2,9,1185,0
14,6,20,1186,0
6,1,7,1187,0
14,8,22,1188,0
4,3,7,1189,0
5,0,5,1190,0
10,3,13,1191,0
15,5,20,1192,0
8,1,9,1193,0
13,7,20,1194,0
6,3,9,1195,0
12,5,17,1196,0
14,4,18,1197,0
10,1,11,1198,0
5,7,12,1199,0
4,2,6,1200,0
9,5,14,1201,0
11,5,16,1202,0
11,5,16,1203,0
14,4,18,1204,0
7,4,11,1205,0
9,6,15,1206,0
11,3,14,1207,0
9,5,14,1208,0
7,2,9,1209,0
7,7,14,1210,0
11,7,18,1211,0
20,6,26,1212,0
7,2,9,1213,0
10,5,15,1214,0
9,1,10,1215,0
8,8,16,1216,0
7,3,10,1217,0
12,7,19,1218,0
10,4,14,1219,0
17,4,21,1220,0
8,2,10,1221,0
12,1,13,1222,0
11,3,14,1223,0
10,2,12,1224,0
16,10,26,1225,0
5,3,8,1226,0
11,4,15,1227,0
12,3,15,1228,0
13,3,16,1229,0
14,10,24,1230,0
5,0,5,1231,0
17,5,22,1232,0
11,10,21,1233,0
11,4,15,1234,0
10,8,18,1235,0
10,3,13,1236,0
10,7,17,1237,0
11,6,17,1238,0
10,6,16,1239,0
7,5,12,1240,0
12,4,16,1241,0
11,6,17,1242,0
8,4,12,1243,0
4,1,5,1244,0
7,6,13,1245,0
4,2,6,1246,0
11,4,15,1247,0
11,10,21,1248,0
3,7,10,1249,0
8,4,12,1250,0
7,2,9,1251,0
13,10,23,1252,0
8,2,10,1253,0
10,2,12,1254,0
4,2,6,1255,0
12,6,18,1256,0
7,6,13,1257,0
3,1,4,1258,0
9,2,11,1259,0
12,9,21,1260,0
10,4,14,1261,0
9,6,15,1262,0
8,3,11,1263,0
14,7,21,1264,0
8,4,12,1265,0
4,7,11,1266,0
16,4,20,1267,0
8,3,11,1268,0
15,7,22,1269,0
11,6,17,1270,0
15,7,22,1271,0
2,1,3,1272,0
18,12,30,1273,0
12,6,18,1274,0
4,5,9,1275,0
16,5,21,1276,0
13,5,18,1277,0
11,5,16,1278,0
20,11,31,1279,0
5,0,5,1280,0
7,2,9,1281,0
12,3,15,1282,0
4,2,6,1283,0
5,2,7,1284,0
9,5,14,1285,0
3,0,3,1286,0
5,3,8,1287,0
10,2,12,1288,0
14,5,19,1289,0
7,4,11,1290,0
2,1,3,1291,0
8,2,10,1292,0
8,7,15,1293,0
8,6,14,1294,0
8,3,11,1295,0
15,12,27,1296,0
11,8,19,1297,0
16,7,23,1298,0
6,1,7,1299,0
4,4,8,1300,0
6,6,12,1301,0
7,8,15,1302,0
8,1,9,1303,0
9,6,15,1304,0
4,3,7,1305,0
14,6,20,1306,0
5,5,10,1307,0
16,5,21,1308,0
6,1,7,1309,0
5,1,6,1310,0
7,4,11,1311,0
7,5,12,1312,0
10,7,17,1313,0
17,5,22,1314,0
12,3,15,1315,0
9,7,16,1316,0
11,5,16,1317,0
7,4,11,1318,0
7,3,10,1319,0
9,12,21,1320,0
10,1,11,1321,0
5,3,8,1322,0
6,3,9,1323,0
7,8,15,1324,0
5,1,6,1325,0
9,4,13,1326,0
9,4,13,1327,0
15,3,18,1328,0
9,5,14,1329,0
11,6,17,1330,0
9,3,12,1331,0
2,0,2,1332,0
14,5,19,1333,0
8,7,15,1334,0
9,3,12,1335,0
6,4,10,1336,0
7,6,13,1337,0
10,2,12,1338,0
17,4,21,1339,0
6,6,12,1340,0
13,9,22,1341,0
7,6,13,1342,0
14,5,19,1343,0
11,3,14,1344,0
6,2,8,1345,0
11,5,16,1346,0
9,2,11,1347,0
12,3,15,1348,0
4,6,10,1349,0
15,6,21,1350,0
6,1,7,1351,0
12,6,18,1352,0
3,3,6,1353,0
6,2,8,1354,0
7,4,11,1355,0
11,2,13,1356,0
10,1,11,1357,0
17,7,24,1358,0
16,7,23,1359,0
5,9,14,1360,0
9,5,14,1361,0
5,3,8,1362,0
6,4,10,1363,0
8,4,12,1364,0
9,3,12,1365,0
5,2,7,1366,0
16,11,27,1367,0
6,5,11,1368,0
6,6,12,1369,0
6,1,7,1370,0
13,9,22,1371,0
3,3,6,1372,0
10,5,15,1373,0
12,2,14,1374,0
13,9,22,1375,0
14,5,19,1376,0
15,9,24,1377,0
3,2,5,1378,0
13,6,19,1379,0
13,3,16,1380,0
12,8,20,1381,0
11,2,13,1382,0
6,0,6,1383,0
7,5,12,1384,0
5,2,7,1385,0
7,2,9,1386,0
12,3,15,1387,0
9,4,13,1388,0
6,3,9,1389,0
8,5,13,1390,0
16,4,20,1391,0
4,1,5,1392,0
14,5,19,1393,0
8,3,11,1394,0
6,5,11,1395,0
16,7,23,1396,0
9,7,16,1397,0
6,0,6,1398,0
10,3,13,1399,0
7,5,12,1400,0
5,3,8,1401,0
10,4,14,1402,0
11,1,12,1403,0
6,3,9,1404,0
9,6,15,1405,0
8,5,13,1406,0
21,12,33,1407,0
10,3,13,1408,0
15,3,18,1409,0
3,4,7,1410,0
7,5,12,1411,0
9,7,16,1412,0
7,1,8,1413,0
10,10,20,1414,0
11,3,14,1415,0
1,1,2,1416,0
12,3,15,1417,0
7,8,15,1418,0
10,4,14,1419,0
8,7,15,1420,0
11,4,15,1421,0
8,4,12,1422,0
7,1,8,1423,0
14,2,16,1424,0
15,5,20,1425,0
7,2,9,1426,0
10,5,15,1427,0
4,3,7,1428,0
10,0,10,1429,0
13,3,16,1430,0
11,3,14,1431,0
6,5,11,1432,0
5,5,10,1433,0
13,7,20,1434,0
8,8,16,1435,0
8,4,12,1436,0
8,3,11,1437,0
6,2,8,1438,0
9,6,15,1439,0
4,16,20,1440,0
14,9,23,1441,0
9,5,14,1442,0
7,7,14,1443,0
4,2,6,1444,0
10,5,15,1445,0
9,5,14,1446,0
6,2,8,1447,0
15,11,26,1448,0
6,5,11,1449,0
10,9,19,1450,0
12,6,18,1451,0
11,10,21,1452,0
7,0,7,1453,0
7,1,8,1454,0
6,2,8,1455,0
11,8,19,1456,0
11,12,23,1457,0
12,5,17,1458,0
5,0,5,1459,0
8,3,11,1460,0
6,7,13,1461,0
6,4,10,1462,0
4,3,7,1463,0
12,3,15,1464,0
14,5,19,1465,0
10,4,14,1466,0
14,4,18,1467,0
8,4,12,1468,0
14,9,23,1469,0
10,2,12,1470,0
16,5,21,1471,0
14,1,15,1472,0
11,5,16,1473,0
10,6,16,1474,0
15,6,21,1475,0
6,5,11,1476,0
8,8,16,1477,0
11,7,18,1478,0
11,1,12,1479,0
11,0,11,1480,0
12,7,19,1481,0
7,1,8,1482,0
11,3,14,1483,0
8,6,14,1484,0
7,3,10,1485,0
9,6,15,1486,0
16,7,23,1487,0
8,3,11,1488,0
4,4,8,1489,0
19,6,25,1490,0
9,3,12,1491,0
10,5,15,1492,0
14,7,21,1493,0
10,1,11,1494,0
10,5,15,1495,0
12,1,13,1496,0
7,6,13,1497,0
14,12,26,1498,0
4,1,5,1499,0
9,4,13,1500,0
19,3,22,1501,0
14,11,25,1502,0
6,5,11,1503,0
15,7,22,1504,0
12,11,23,1505,0
11,2,13,1506,0
10,3,13,1507,0
6,5,11,1508,0
13,3,16,1509,0
12,8,20,1510,0
5,1,6,1511,0
10,5,15,1512,0
17,8,25,1513,0
5,4,9,1514,0
16,6,22,1515,0
3,1,4,1516,0
8,4,12,1517,0
13,6,19,1518,0
9,5,14,1519,0
10,6,16,1520,0
14,4,18,1521,0
9,7,16,1522,0
9,4,13,1523,0
8,4,12,1524,0
5,4,9,1525,0
5,2,7,1526,0
19,8,27,1527,0
8,2,10,1528,0
12,4,16,1529,0
6,1,7,1530,0
4,1,5,1531,0
14,7,21,1532,0
12,3,15,1533,0
9,5,14,1534,0
14,8,22,1535,0
8,3,11,1536,0
7,5,12,1537,0
7,1,8,1538,0
10,7,17,1539,0
9,3,12,1540,0
14,6,20,1541,0
15,3,18,1542,0
9,6,15,1543,0
5,2,7,1544,0
12,1,13,1545,0
6,3,9,1546,0
13,7,20,1547,0
9,4,13,1548,0
14,1,15,1549,0
9,2,11,1550,0
15,7,22,1551,0
14,2,16,1552,0
12,4,16,1553,0
9,3,12,1554,0
11,5,16,1555,0
11,7,18,1556,0
11,7,18,1557,0
7,4,11,1558,0
7,4,11,1559,0
14,9,23,1560,0
5,2,7,1561,0
9,5,14,1562,0
14,5,19,1563,0
8,7,15,1564,0
6,3,9,1565,0
12,2,14,1566,0
4,4,8,1567,0
8,1,9,1568,0
4,4,8,1569,0
7,7,14,1570,0
7,5,12,1571,0
8,2,10,1572,0
12,5,17,1573,0
9,1,10,1574,0
9,4,13,1575,0
5,2,7,1576,0
11,5,16,1577,0
14,4,18,1578,0
11,3,14,1579,0
8,4,12,1580,0
7,2,9,1581,0
4,3,7,1582,0
14,4,18,1583,0
9,1,10,1584,0
12,8,20,1585,0
11,4,15,1586,0
15,5,20,1587,0
12,8,20,1588,0
11,6,17,1589,0
6,4,10,1590,0
7,0,7,1591,0
9,5,14,1592,0
12,3,15,1593,0
11,3,14,1594,0
6,3,9,1595,0
9,4,13,1596,0
12,6,18,1597,0
4,4,8,1598,0
10,1,11,1599,0
16,4,20,1600,0
14,9,23,1601,0
7,0,7,1602,0
9,0,9,1603,0
10,4,14,1604,0
7,4,11,1605,0
8,5,13,1606,0
10,3,13,1607,0
14,6,20,1608,0
16,4,20,1609,0
9,2,11,1610,0
11,12,23,1611,0
12,6,18,1612,0
14,2,16,1613,0
2,4,6,1614,0
12,4,16,1615,0
12,4,16,1616,0
19,4,23,1617,0
8,1,9,1618,0
7,4,11,1619,0
11,6,17,1620,0
4,1,5,1621,0
12,8,20,1622,0
7,4,11,1623,0
9,3,12,1624,0
14,6,20,1625,0
10,7,17,1626,0
4,3,7,1627,0
8,2,10,1628,0
9,6,15,1629,0
7,5,12,1630,0
6,6,12,1631,0
7,11,18,1632,0
6,5,11,1633,0
14,8,22,1634,0
7,11,18,1635,0
16,4,20,1636,0
9,4,13,1637,0
7,1,8,1638,0
9,3,12,1639,0
6,3,9,1640,0
9,3,12,1641,0
8,4,12,1642,0
9,4,13,1643,0
3,2,5,1644,0
11,3,14,1645,0
10,8,18,1646,0
15,2,17,1647,0
16,9,25,1648,0
11,2,13,1649,0
11,6,17,1650,0
8,3,11,1651,0
7,3,10,1652,0
4,0,4,1653,0
8,5,13,1654,0
10,0,10,1655,0
4,2,6,1656,0
14,2,16,1657,0
11,4,15,1658,0
3,4,7,1659,0
15,10,25,1660,0
9,2,11,1661,0
8,7,15,1662,0
12,11,23,1663,0
11,3,14,1664,0
16,3,19,1665,0
9,3,12,1666,0
16,9,25,1667,0
5,9,14,1668,0
6,1,7,1669,0
13,1,14,1670,0
6,1,7,1671,0
4,2,6,1672,0
13,6,19,1673,0
18,12,30,1674,0
4,5,9,1675,0
18,8,26,1676,0
17,11,28,1677,0
11,9,20,1678,0
13,5,18,1679,0
5,1,6,1680,0
13,8,21,1681,0
7,2,9,1682,0
7,8,15,1683,0
4,4,8,1684,0
13,6,19,1685,0
7,1,8,1686,0
12,9,21,1687,0
15,5,20,1688,0
10,8,18,1689,0
10,6,16,1690,0
16,4,20,1691,0
6,5,11,1692,0
11,3,14,1693,0
9,4,13,1694,0
14,9,23,1695,0
9,1,10,1696,0
11,2,13,1697,0
5,1,6,1698,0
16,4,20,1699,0
8,3,11,1700,0
7,4,11,1701,0
10,5,15,1702,0
10,5,15,1703,0
11,4,15,1704,0
7,7,14,1705,0
12,7,19,1706,0
11,5,16,1707,0
13,4,17,1708,0
10,5,15,1709,0
9,8,17,1710,0
6,2,8,1711,0
13,7,20,1712,0
13,2,15,1713,0
15,5,20,1714,0
9,3,12,1715,0
8,4,12,1716,0
15,5,20,1717,0
6,9,15,1718,0
7,2,9,1719,0
15,9,24,1720,0
12,5,17,1721,0
8,1,9,1722,0
15,8,23,1723,0
9,10,19,1724,0
14,3,17,1725,0
4,1,5,1726,0
14,6,20,1727,0
14,11,25,1728,0
11,11,22,1729,0
6,4,10,1730,0
10,11,21,1731,0
13,3,16,1732,0
12,5,17,1733,0
13,9,22,1734,0
11,5,16,1735,0
5,2,7,1736,0
8,6,14,1737,0
21,7,28,1738,0
14,5,19,1739,0
11,6,17,1740,0
8,2,10,1741,0
11,1,12,1742,0
10,7,17,1743,0
13,6,19,1744,0
13,1,14,1745,0
8,4,12,1746,0
13,6,19,1747,0
9,6,15,1748,0
6,4,10,1749,0
13,7,20,1750,0
10,6,16,1751,0
8,5,13,1752,0
8,9,17,1753,0
7,2,9,1754,0
24,9,33,1755,0
9,4,13,1756,0
7,2,9,1757,0
9,2,11,1758,0
13,8,21,1759,0
11,5,16,1760,0
8,3,11,1761,0
12,9,21,1762,0
13,3,16,1763,0
9,7,16,1764,0
16,6,22,1765,0
14,4,18,1766,0
4,4,8,1767,0
19,4,23,1768,0
8,7,15,1769,0
4,1,5,1770,0
14,4,18,1771,0
12,8,20,1772,0
4,5,9,1773,0
6,5,11,1774,0
7,0,7,1775,0
8,6,14,1776,0
15,6,21,1777,0
16,9,25,1778,0
8,2,10,1779,0
7,2,9,1780,0
22,13,35,1781,0
13,1,14,1782,0
10,2,12,1783,0
13,9,22,1784,0
7,7,14,1785,0
8,2,10,1786,0
2,1,3,1787,0
13,5,18,1788,0
8,2,10,1789,0
2,0,2,1790,0
2,0,2,1791,0
8,2,10,1792,0
10,3,13,1793,0
4,0,4,1794,0
3,6,9,1795,0
12,5,17,1796,0
17,9,26,1797,0
8,4,12,1798,0
12,3,15,1799,0
14,8,22,1800,0
9,8,17,1801,0
5,2,7,1802,0
14,2,16,1803,0
14,4,18,1804,0
6,1,7,1805,0
5,3,8,1806,0
4,1,5,1807,0
7,1,8,1808,0
7,3,10,1809,0
14,4,18,1810,0
13,6,19,1811,0
9,2,11,1812,0
11,8,19,1813,0
8,4,12,1814,0
20,4,24,1815,0
15,10,25,1816,0
6,3,9,1817,0
7,3,10,1818,0
7,1,8,1819,0
17,8,25,1820,0
11,7,18,1821,0
4,8,12,1822,0
8,7,15,1823,0
9,7,16,1824,0
10,5,15,1825,0
16,6,22,1826,0
7,5,12,1827,0
7,3,10,1828,0
9,10,19,1829,0
9,3,12,1830,0
8,3,11,1831,0
22,14,36,1832,0
9,5,14,1833,0
11,8,19,1834,0
12,3,15,1835,0
12,2,14,1836,0
16,6,22,1837,0
9,6,15,1838,0
4,2,6,1839,0
8,2,10,1840,0
8,3,11,1841,0
11,3,14,1842,0
7,4,11,1843,0
10,3,13,1844,0
8,6,14,1845,0
6,2,8,1846,0
10,6,16,1847,0
3,2,5,1848,0
9,4,13,1849,0
20,8,28,1850,0
8,4,12,1851,0
11,6,17,1852,0
8,1,9,1853,0
5,0,5,1854,0
14,5,19,1855,0
8,0,8,1856,0
9,1,10,1857,0
15,5,20,1858,0
5,5,10,1859,0
10,7,17,1860,0
7,2,9,1861,0
8,2,10,1862,0
8,3,11,1863,0
3,6,9,1864,0
14,9,23,1865,0
8,9,17,1866,0
10,3,13,1867,0
9,2,11,1868,0
11,1,12,1869,0
15,17,32,1870,0
10,5,15,1871,0
6,3,9,1872,0
6,3,9,1873,0
11,5,16,1874,0
10,9,19,1875,0
16,6,22,1876,0
13,1,14,1877,0
15,7,22,1878,0
14,5,19,1879,0
20,6,26,1880,0
6,1,7,1881,0
8,5,13,1882,0
12,5,17,1883,0
9,5,14,1884,0
15,3,18,1885,0
11,7,18,1886,0
9,13,22,1887,0
11,3,14,1888,0
4,0,4,1889,0
13,4,17,1890,0
11,2,13,1891,0
4,2,6,1892,0
14,7,21,1893,0
8,9,17,1894,0
3,1,4,1895,0
9,4,13,1896,0
8,5,13,1897,0
8,4,12,1898,0
3,3,6,1899,0
12,6,18,1900,0
10,3,13,1901,0
13,5,18,1902,0
4,2,6,1903,0
20,5,25,1904,0
17,8,25,1905,0
6,4,10,1906,0
14,10,24,1907,0
18,8,26,1908,0
14,7,21,1909,0
9,4,13,1910,0
1,0,1,1911,0
11,2,13,1912,0
16,6,22,1913,0
7,3,10,1914,0
8,5,13,1915,0
12,5,17,1916,0
7,2,9,1917,0
6,2,8,1918,0
12,10,22,1919,0
11,3,14,1920,0
9,4,13,1921,0
14,8,22,1922,0
12,3,15,1923,0
10,5,15,1924,0
11,10,21,1925,0
13,7,20,1926,0
7,0,7,1927,0
10,8,18,1928,0
8,3,11,1929,0
8,9,17,1930,0
12,6,18,1931,0
13,2,15,1932,0
10,0,10,1933,0
9,4,13,1934,0
7,3,10,1935,0
9,4,13,1936,0
8,10,18,1937,0
5,5,10,1938,0
9,4,13,1939,0
6,3,9,1940,0
20,14,34,1941,0
9,6,15,1942,0
9,2,11,1943,0
12,7,19,1944,0
2,2,4,1945,0
13,7,20,1946,0
11,4,15,1947,0
16,13,29,1948,0
6,2,8,1949,0
8,6,14,1950,0
16,5,21,1951,0
11,5,16,1952,0
12,5,17,1953,0
6,3,9,1954,0
13,3,16,1955,0
7,9,16,1956,0
11,3,14,1957,0
8,2,10,1958,0
10,3,13,1959,0
6,4,10,1960,0
11,6,17,1961,0
9,9,18,1962,0
11,2,13,1963,0
7,5,12,1964,0
3,0,3,1965,0
11,7,18,1966,0
18,2,20,1967,0
14,4,18,1968,0
8,5,13,1969,0
12,5,17,1970,0
6,7,13,1971,0
14,1,15,1972,0
10,3,13,1973,0
13,8,21,1974,0
13,2,15,1975,0
5,2,7,1976,0
8,5,13,1977,0
8,6,14,1978,0
3,1,4,1979,0
8,4,12,1980,0
5,0,5,1981,0
8,6,14,1982,0
4,4,8,1983,0
16,4,20,1984,0
7,0,7,1985,0
15,4,19,1986,0
6,7,13,1987,0
11,9,20,1988,0
5,0,5,1989,0
6,2,8,1990,0
8,6,14,1991,0
14,9,23,1992,0
6,5,11,1993,0
7,5,12,1994,0
15,12,27,1995,0
12,5,17,1996,0
7,6,13,1997,0
7,4,11,1998,0
8,1,9,1999,0
14,5,19,2000,0
10,4,14,2001,0
7,3,10,2002,0
9,5,14,2003,0
12,9,21,2004,0
8,5,13,2005,0
8,8,16,2006,0
5,4,9,2007,0
12,8,20,2008,0
6,7,13,2009,0
15,9,24,2010,0
4,3,7,2011,0
6,5,11,2012,0
11,6,17,2013,0
11,8,19,2014,0
9,7,16,2015,0
22,8,30,2016,0
5,4,9,2017,0
10,6,16,2018,0
17,3,20,2019,0
7,7,14,2020,0
7,4,11,2021,0
7,6,13,2022,0
6,2,8,2023,0
7,6,13,2024,0
5,3,8,2025,0
11,11,22,2026,0
14,6,20,2027,0
8,2,10,2028,0
4,1,5,2029,0
18,8,26,2030,0
12,1,13,2031,0
7,6,13,2032,0
5,2,7,2033,0
11,4,15,2034,0
7,4,11,2035,0
11,2,13,2036,0
10,5,15,2037,0
15,3,18,2038,0
9,4,13,2039,0
10,7,17,2040,0
16,10,26,2041,0
5,2,7,2042,0
21,10,31,2043,0
11,8,19,2044,0
15,7,22,2045,0
7,3,10,2046,0
8,4,12,2047,0
8,3,11,2048,0
8,5,13,2049,0
10,4,14,2050,0
8,4,12,2051,0
9,4,13,2052,0
6,4,10,2053,0
9,6,15,2054,0
11,2,13,2055,0
14,10,24,2056,0
4,4,8,2057,0
10,9,19,2058,0
10,6,16,2059,0
5,2,7,2060,0
14,11,25,2061,0
8,3,11,2062,0
7,2,9,2063,0
13,7,20,2064,0
7,5,12,2065,0
11,7,18,2066,0
12,1,13,2067,0
16,7,23,2068,0
7,4,11,2069,0
4,6,10,2070,0
10,7,17,2071,0
14,5,19,2072,0
8,9,17,2073,0
16,8,24,2074,0
10,4,14,2075,0
7,13,20,2076,0
11,0,11,2077,0
11,7,18,2078,0
16,4,20,2079,0
9,5,14,2080,0
8,2,10,2081,0
6,2,8,2082,0
11,5,16,2083,0
11,2,13,2084,0
9,2,11,2085,0
14,7,21,2086,0
16,6,22,2087,0
6,4,10,2088,0
8,3,11,2089,0
12,5,17,2090,0
13,6,19,2091,0
5,1,6,2092,0
15,10,25,2093,0
9,2,11,2094,0
8,4,12,2095,0
9,3,12,2096,0
20,5,25,2097,0
10,3,13,2098,0
10,3,13,2099,0
8,8,16,2100,0
12,8,20,2101,0
13,3,16,2102,0
10,7,17,2103,0
14,3,17,2104,0
6,4,10,2105,0
15,4,19,2106,0
12,7,19,2107,0
12,3,15,2108,0
7,0,7,2109,0
3,6,9,2110,0
12,10,22,2111,0
11,5,16,2112,0
17,5,22,2113,0
7,2,9,2114,0
10,4,14,2115,0
10,3,13,2116,0
10,8,18,2117,0
6,7,13,2118,0
6,0,6,2119,0
9,1,10,2120,0
10,4,14,2121,0
7,4,11,2122,0
9,1,10,2123,0
11,3,14,2124,0
12,3,15,2125,0
7,6,13,2126,0
6,7,13,2127,0
7,1,8,2128,0
16,8,24,2129,0
11,4,15,2130,0
4,0,4,2131,0
7,3,10,2132,0
10,6,16,2133,0
12,8,20,2134,0
9,12,21,2135,0
6,5,11,2136,0
8,2,10,2137,0
14,2,16,2138,0
5,4,9,2139,0
16,5,21,2140,0
9,6,15,2141,0
7,2,9,2142,0
13,3,16,2143,0
8,10,18,2144,0
6,4,10,2145,0
8,2,10,2146,0
11,2,13,2147,0
14,5,19,2148,0
13,5,18,2149,0
4,2,6,2150,0
12,6,18,2151,0
8,6,14,2152,0
10,3,13,2153,0
8,0,8,2154,0
11,3,14,2155,0
15,4,19,2156,0
11,5,16,2157,0
11,5,16,2158,0
6,4,10,2159,0
11,2,13,2160,0
4,6,10,2161,0
7,1,8,2162,0
9,4,13,2163,0
11,5,16,2164,0
13,3,16,2165,0
10,3,13,2166,0
14,7,21,2167,0
7,2,9,2168,0
14,3,17,2169,0
9,5,14,2170,0
8,6,14,2171,0
6,0,6,2172,0
17,7,24,2173,0
8,4,12,2174,0
8,0,8,2175,0
13,3,16,2176,0
15,4,19,2177,0
6,6,12,2178,0
7,5,12,2179,0
7,4,11,2180,0
8,6,14,2181,0
12,9,21,2182,0
8,8,16,2183,0
9,3,12,2184,0
5,0,5,2185,0
10,5,15,2186,0
11,3,14,2187,0
12,4,16,2188,0
17,5,22,2189,0
8,3,11,2190,0
10,5,15,2191,0
2,5,7,2192,0
13,3,16,2193,0
9,7,16,2194,0
14,3,17,2195,0
10,8,18,2196,0
12,0,12,2197,0
9,1,10,2198,0
12,4,16,2199,0
15,2,17,2200,0
12,3,15,2201,0
6,2,8,2202,0
10,2,12,2203,0
12,5,17,2204,0
6,5,11,2205,0
10,6,16,2206,0
6,0,6,2207,0
6,0,6,2208,0
14,5,19,2209,0
11,6,17,2210,0
15,7,22,2211,0
11,7,18,2212,0
10,5,15,2213,0
11,10,21,2214,0
11,6,17,2215,0
6,4,10,2216,0
9,7,16,2217,0
6,3,9,2218,0
13,8,21,2219,0
10,5,15,2220,0
15,1,16,2221,0
13,4,17,2222,0
13,4,17,2223,0
13,4,17,2224,0
12,4,16,2225,0
5,3,8,2226,0
14,2,16,2227,0
11,2,13,2228,0
12,3,15,2229,0
14,4,18,2230,0
9,3,12,2231,0
6,3,9,2232,0
10,3,13,2233,0
19,5,24,2234,0
12,3,15,2235,0
14,5,19,2236,0
2,3,5,2237,0
2,2,4,2238,0
10,3,13,2239,0
2,0,2,2240,0
10,1,11,2241,0
7,2,9,2242,0
8,4,12,2243,0
16,11,27,2244,0
7,1,8,2245,0
11,4,15,2246,0
8,2,10,2247,0
10,1,11,2248,0
7,4,11,2249,0
13,3,16,2250,0
11,2,13,2251,0
14,8,22,2252,0
16,6,22,2253,0
9,4,13,2254,0
9,5,14,2255,0
8,1,9,2256,0
16,2,18,2257,0
11,4,15,2258,0
10,4,14,2259,0
14,4,18,2260,0
11,7,18,2261,0
7,2,9,2262,0
12,2,14,2263,0
9,3,12,2264,0
13,8,21,2265,0
9,5,14,2266,0
10,2,12,2267,0
14,5,19,2268,0
9,8,17,2269,0
6,1,7,2270,0
5,2,7,2271,0
17,8,25,2272,0
14,6,20,2273,0
11,9,20,2274,0
13,7,20,2275,0
12,1,13,2276,0
15,3,18,2277,0
2,6,8,2278,0
12,9,21,2279,0
16,7,23,2280,0
10,7,17,2281,0
12,10,22,2282,0
10,6,16,2283,0
11,4,15,2284,0
15,3,18,2285,0
13,4,17,2286,0
4,3,7,2287,0
11,7,18,2288,0
17,6,23,2289,0
8,5,13,2290,0
5,3,8,2291,0
10,4,14,2292,0
6,5,11,2293,0
13,5,18,2294,0
6,3,9,2295,0
9,3,12,2296,0
8,8,16,2297,0
9,4,13,2298,0
9,4,13,2299,0
6,6,12,2300,0
8,5,13,2301,0
11,2,13,2302,0
13,6,19,2303,0
2,1,3,2304,0
10,13,23,2305,0
8,1,9,2306,0
9,10,19,2307,0
11,1,12,2308,0
7,2,9,2309,0
9,6,15,2310,0
8,5,13,2311,0
10,2,12,2312,0
9,3,12,2313,0
11,4,15,2314,0
10,5,15,2315,0
13,2,15,2316,0
8,3,11,2317,0
6,5,11,2318,0
8,8,16,2319,0
7,5,12,2320,0
15,7,22,2321,0
10,3,13,2322,0
11,8,19,2323,0
12,4,16,2324,0
8,5,13,2325,0
14,5,19,2326,0
5,3,8,2327,0
10,6,16,2328,0
9,3,12,2329,0
12,3,15,2330,0
8,8,16,2331,0
8,2,10,2332,0
8,4,12,2333,0
9,7,16,2334,0
12,4,16,2335,0
11,5,16,2336,0
5,5,10,2337,0
8,4,12,2338,0
6,5,11,2339,0
7,2,9,2340,0
9,7,16,2341,0
5,0,5,2342,0
8,2,10,2343,0
6,8,14,2344,0
9,7,16,2345,0
9,8,17,2346,0
10,7,17,2347,0
5,2,7,2348,0
13,7,20,2349,0
11,5,16,2350,0
6,8,14,2351,0
16,10,26,2352,0
12,2,14,2353,0
5,2,7,2354,0
10,2,12,2355,0
14,3,17,2356,0
17,7,24,2357,0
6,6,12,2358,0
5,4,9,2359,0
13,10,23,2360,0
6,1,7,2361,0
5,1,6,2362,0
11,7,18,2363,0
12,5,17,2364,0
8,3,11,2365,0
16,3,19,2366,0
15,9,24,2367,0
13,12,25,2368,0
13,4,17,2369,0
6,6,12,2370,0
10,7,17,2371,0
7,3,10,2372,0
11,6,17,2373,0
7,1,8,2374,0
11,1,12,2375,0
7,4,11,2376,0
13,5,18,2377,0
9,0,9,2378,0
8,2,10,2379,0
12,5,17,2380,0
11,3,14,2381,0
13,7,20,2382,0
4,4,8,2383,0
12,8,20,2384,0
19,10,29,2385,0
8,10,18,2386,0
7,1,8,2387,0
10,4,14,2388,0
13,5,18,2389,0
5,0,5,2390,0
9,3,12,2391,0
3,1,4,2392,0
24,5,29,2393,0
9,6,15,2394,0
10,5,15,2395,0
12,0,12,2396,0
15,7,22,2397,0
10,8,18,2398,0
8,3,11,2399,0
6,0,6,2400,0
9,4,13,2401,0
9,4,13,2402,0
5,3,8,2403,0
9,7,16,2404,0
13,3,16,2405,0
13,1,14,2406,0
17,6,23,2407,0
12,4,16,2408,0
5,1,6,2409,0
14,4,18,2410,0
9,6,15,2411,0
13,5,18,2412,0
12,2,14,2413,0
13,4,17,2414,0
10,7,17,2415,0
9,2,11,2416,0
6,7,13,2417,0
9,7,16,2418,0
15,8,23,2419,0
6,4,10,2420,0
8,6,14,2421,0
8,5,13,2422,0
6,1,7,2423,0
8,3,11,2424,0
11,4,15,2425,0
9,9,18,2426,0
6,3,9,2427,0
14,4,18,2428,0
2,6,8,2429,0
9,6,15,2430,0
21,15,36,2431,0
8,6,14,2432,0
14,4,18,2433,0
13,3,16,2434,0
7,3,10,2435,0
8,4,12,2436,0
16,0,16,2437,0
8,2,10,2438,0
17,8,25,2439,0
6,5,11,2440,0
11,8,19,2441,0
3,3,6,2442,0
13,3,16,2443,0
11,4,15,2444,0
17,9,26,2445,0
18,4,22,2446,0
13,3,16,2447,0
8,6,14,2448,0
8,4,12,2449,0
7,8,15,2450,0
8,8,16,2451,0
10,3,13,2452,0
10,5,15,2453,0
11,5,16,2454,0
12,3,15,2455,0
5,7,12,2456,0
17,5,22,2457,0
4,6,10,2458,0
6,6,12,2459,0
12,4,16,2460,0
17,13,30,2461,0
14,6,20,2462,0
15,5,20,2463,0
12,7,19,2464,0
7,6,13,2465,0
8,7,15,2466,0
8,4,12,2467,0
14,7,21,2468,0
10,4,14,2469,0
8,2,10,2470,0
10,4,14,2471,0
6,5,11,2472,0
6,5,11,2473,0
16,6,22,2474,0
8,2,10,2475,0
4,0,4,2476,0
19,15,34,2477,0
16,4,20,2478,0
5,1,6,2479,0
10,10,20,2480,0
3,4,7,2481,0
12,5,17,2482,0
11,2,13,2483,0
8,9,17,2484,0
7,3,10,2485,0
5,1,6,2486,0
13,10,23,2487,0
14,5,19,2488,0
6,5,11,2489,0
17,7,24,2490,0
9,4,13,2491,0
12,5,17,2492,0
8,3,11,2493,0
8,4,12,2494,0
21,3,24,2495,0
12,5,17,2496,0
6,4,10,2497,0
6,2,8,2498,0
15,6,21,2499,0
9,6,15,2500,0
12,5,17,2501,0
6,4,10,2502,0
8,1,9,2503,0
6,1,7,2504,0
8,2,10,2505,0
10,4,14,2506,0
14,7,21,2507,0
8,3,11,2508,0
18,8,26,2509,0
10,0,10,2510,0
14,4,18,2511,0
10,5,15,2512,0
10,11,21,2513,0
3,5,8,2514,0
8,3,11,2515,0
11,6,17,2516,0
11,2,13,2517,0
8,9,17,2518,0
10,3,13,2519,0
18,5,23,2520,0
5,2,7,2521,0
11,4,15,2522,0
2,5,7,2523,0
15,2,17,2524,0
6,2,8,2525,0
17,4,21,2526,0
8,7,15,2527,0
4,5,9,2528,0
9,1,10,2529,0
6,3,9,2530,0
19,6,25,2531,0
11,7,18,2532,0
15,7,22,2533,0
9,3,12,2534,0
8,3,11,2535,0
15,4,19,2536,0
13,8,21,2537,0
12,5,17,2538,0
13,4,17,2539,0
13,3,16,2540,0
8,4,12,2541,0
9,4,13,2542,0
9,3,12,2543,0
8,8,16,2544,0
20,8,28,2545,0
1,1,2,2546,0
10,6,16,2547,0
9,11,20,2548,0
6,5,11,2549,0
2,1,3,2550,0
4,5,9,2551,0
12,4,16,2552,0
10,7,17,2553,0
12,6,18,2554,0
7,6,13,2555,0
10,4,14,2556,0
5,0,5,2557,0
12,3,15,2558,0
6,0,6,2559,0
6,0,6,2560,0
9,3,12,2561,0
5,3,8,2562,0
10,5,15,2563,0
15,5,20,2564,0
11,8,19,2565,0
10,4,14,2566,0
15,8,23,2567,0
6,8,14,2568,0
10,3,13,2569,0
14,8,22,2570,0
10,2,12,2571,0
13,5,18,2572,0
7,3,10,2573,0
6,2,8,2574,0
7,6,13,2575,0
8,2,10,2576,0
14,7,21,2577,0
13,6,19,2578,0
13,8,21,2579,0
8,3,11,2580,0
15,9,24,2581,0
13,10,23,2582,0
13,6,19,2583,0
13,7,20,2584,0
7,4,11,2585,0
8,2,10,2586,0
16,8,24,2587,0
5,2,7,2588,0
5,2,7,2589,0
4,5,9,2590,0
13,4,17,2591,0
12,3,15,2592,0
9,1,10,2593,0
9,6,15,2594,0
9,8,17,2595,0
9,3,12,2596,0
8,3,11,2597,0
8,1,9,2598,0
9,2,11,2599,0
10,4,14,2600,0
5,2,7,2601,0
5,2,7,2602,0
8,7,15,2603,0
12,3,15,2604,0
4,3,7,2605,0
9,4,13,2606,0
8,1,9,2607,0
9,6,15,2608,0
7,3,10,2609,0
13,3,16,2610,0
13,7,20,2611,0
17,4,21,2612,0
10,6,16,2613,0
8,0,8,2614,0
14,5,19,2615,0
17,1,18,2616,0
8,3,11,2617,0
10,4,14,2618,0
20,8,28,2619,0
12,6,18,2620,0
13,4,17,2621,0
4,3,7,2622,0
16,6,22,2623,0
4,0,4,2624,0
7,8,15,2625,0
13,11,24,2626,0
3,7,10,2627,0
11,4,15,2628,0
2,3,5,2629,0
3,3,6,2630,0
6,4,10,2631,0
3,5,8,2632,0
9,3,12,2633,0
10,4,14,2634,0
9,0,9,2635,0
3,5,8,2636,0
10,3,13,2637,0
11,7,18,2638,0
13,5,18,2639,0
13,2,15,2640,0
5,7,12,2641,0
5,1,6,2642,0
10,3,13,2643,0
6,10,16,2644,0
9,3,12,2645,0
8,3,11,2646,0
4,1,5,2647,0
18,8,26,2648,0
8,3,11,2649,0
8,4,12,2650,0
8,4,12,2651,0
8,3,11,2652,0
7,3,10,2653,0
11,1,12,2654,0
16,5,21,2655,0
8,6,14,2656,0
5,1,6,2657,0
13,6,19,2658,0
14,6,20,2659,0
13,3,16,2660,0
5,2,7,2661,0
14,4,18,2662,0
11,7,18,2663,0
6,3,9,2664,0
5,2,7,2665,0
8,5,13,2666,0
7,4,11,2667,0
16,8,24,2668,0
11,10,21,2669,0
10,3,13,2670,0
9,3,12,2671,0
8,5,13,2672,0
8,6,14,2673,0
2,2,4,2674,0
8,2,10,2675,0
12,7,19,2676,0
11,9,20,2677,0
10,5,15,2678,0
13,4,17,2679,0
12,2,14,2680,0
11,7,18,2681,0
17,8,25,2682,0
9,3,12,2683,0
7,6,13,2684,0
6,2,8,2685,0
16,13,29,2686,0
7,3,10,2687,0
9,9,18,2688,0
5,2,7,2689,0
12,3,15,2690,0
6,4,10,2691,0
5,4,9,2692,0
15,4,19,2693,0
11,10,21,2694,0
9,3,12,2695,0
7,1,8,2696,0
12,4,16,2697,0
12,0,12,2698,0
11,2,13,2699,0
11,3,14,2700,0
