"acq_PA","acq_PE","acq_tot","sim_id","scenario"
58,61,119,1,0
42,43,85,2,0
55,43,98,3,0
45,33,78,4,0
51,30,81,5,0
52,56,108,6,0
53,43,96,7,0
42,40,82,8,0
44,47,91,9,0
56,43,99,10,0
52,55,107,11,0
48,39,87,12,0
55,58,113,13,0
45,52,97,14,0
54,44,98,15,0
62,55,117,16,0
45,41,86,17,0
43,40,83,18,0
63,56,119,19,0
51,38,89,20,0
36,40,76,21,0
46,42,88,22,0
57,47,104,23,0
58,46,104,24,0
42,37,79,25,0
46,43,89,26,0
43,40,83,27,0
53,41,94,28,0
55,54,109,29,0
61,45,106,30,0
54,52,106,31,0
56,48,104,32,0
49,38,87,33,0
54,35,89,34,0
54,42,96,35,0
54,42,96,36,0
50,39,89,37,0
69,51,120,38,0
33,40,73,39,0
57,46,103,40,0
45,45,90,41,0
48,30,78,42,0
46,51,97,43,0
50,46,96,44,0
55,41,96,45,0
47,48,95,46,0
52,46,98,47,0
53,48,101,48,0
54,58,112,49,0
48,50,98,50,0
49,35,84,51,0
50,37,87,52,0
48,47,95,53,0
57,53,110,54,0
63,45,108,55,0
55,62,117,56,0
48,43,91,57,0
52,51,103,58,0
49,39,88,59,0
55,46,101,60,0
49,51,100,61,0
50,49,99,62,0
46,48,94,63,0
50,50,100,64,0
44,41,85,65,0
61,46,107,66,0
45,48,93,67,0
46,57,103,68,0
59,48,107,69,0
59,43,102,70,0
52,40,92,71,0
50,47,97,72,0
51,56,107,73,0
57,50,107,74,0
46,50,96,75,0
62,38,100,76,0
49,30,79,77,0
34,38,72,78,0
52,54,106,79,0
56,46,102,80,0
59,40,99,81,0
48,55,103,82,0
51,45,96,83,0
47,49,96,84,0
45,37,82,85,0
43,39,82,86,0
48,47,95,87,0
54,53,107,88,0
61,46,107,89,0
54,42,96,90,0
53,52,105,91,0
50,57,107,92,0
58,44,102,93,0
48,39,87,94,0
46,42,88,95,0
47,48,95,96,0
56,40,96,97,0
49,40,89,98,0
45,46,91,99,0
44,47,91,100,0
49,49,98,101,0
44,37,81,102,0
63,58,121,103,0
47,40,87,104,0
52,58,110,105,0
63,50,113,106,0
52,45,97,107,0
61,50,111,108,0
56,54,110,109,0
50,60,110,110,0
37,36,73,111,0
52,53,105,112,0
64,52,116,113,0
38,47,85,114,0
36,34,70,115,0
50,52,102,116,0
51,50,101,117,0
53,39,92,118,0
60,58,118,119,0
51,49,100,120,0
59,48,107,121,0
51,49,100,122,0
51,45,96,123,0
46,43,89,124,0
36,49,85,125,0
54,53,107,126,0
54,45,99,127,0
59,44,103,128,0
53,51,104,129,0
52,38,90,130,0
50,55,105,131,0
53,50,103,132,0
54,65,119,133,0
62,71,133,134,0
46,62,108,135,0
57,49,106,136,0
47,53,100,137,0
59,45,104,138,0
66,38,104,139,0
54,44,98,140,0
49,42,91,141,0
64,57,121,142,0
35,33,68,143,0
57,38,95,144,0
56,58,114,145,0
61,46,107,146,0
46,37,83,147,0
56,58,114,148,0
52,54,106,149,0
51,50,101,150,0
62,62,124,151,0
53,56,109,152,0
44,46,90,153,0
55,35,90,154,0
58,51,109,155,0
55,40,95,156,0
47,45,92,157,0
61,52,113,158,0
49,64,113,159,0
57,53,110,160,0
59,39,98,161,0
60,42,102,162,0
49,54,103,163,0
61,45,106,164,0
54,52,106,165,0
49,42,91,166,0
43,48,91,167,0
56,54,110,168,0
52,44,96,169,0
56,50,106,170,0
50,32,82,171,0
42,60,102,172,0
58,65,123,173,0
59,56,115,174,0
48,43,91,175,0
61,51,112,176,0
44,36,80,177,0
55,43,98,178,0
50,50,100,179,0
56,53,109,180,0
39,41,80,181,0
55,47,102,182,0
54,43,97,183,0
53,63,116,184,0
46,45,91,185,0
49,53,102,186,0
54,43,97,187,0
55,52,107,188,0
54,42,96,189,0
48,52,100,190,0
58,47,105,191,0
45,45,90,192,0
53,57,110,193,0
57,46,103,194,0
46,44,90,195,0
54,39,93,196,0
59,43,102,197,0
52,45,97,198,0
60,56,116,199,0
53,46,99,200,0
45,35,80,201,0
63,60,123,202,0
49,41,90,203,0
47,44,91,204,0
58,49,107,205,0
40,42,82,206,0
48,36,84,207,0
48,38,86,208,0
46,43,89,209,0
37,31,68,210,0
45,32,77,211,0
59,55,114,212,0
48,46,94,213,0
59,57,116,214,0
49,37,86,215,0
60,52,112,216,0
53,40,93,217,0
62,46,108,218,0
52,55,107,219,0
43,43,86,220,0
41,37,78,221,0
50,58,108,222,0
65,47,112,223,0
51,45,96,224,0
45,47,92,225,0
54,52,106,226,0
36,28,64,227,0
50,52,102,228,0
63,41,104,229,0
59,49,108,230,0
67,56,123,231,0
57,44,101,232,0
48,42,90,233,0
49,51,100,234,0
55,45,100,235,0
45,54,99,236,0
47,45,92,237,0
42,42,84,238,0
45,44,89,239,0
56,44,100,240,0
57,30,87,241,0
46,34,80,242,0
54,45,99,243,0
62,46,108,244,0
52,47,99,245,0
54,60,114,246,0
42,41,83,247,0
42,50,92,248,0
57,57,114,249,0
48,36,84,250,0
53,63,116,251,0
61,41,102,252,0
51,43,94,253,0
46,52,98,254,0
43,50,93,255,0
56,51,107,256,0
61,43,104,257,0
50,51,101,258,0
62,43,105,259,0
51,55,106,260,0
48,50,98,261,0
57,41,98,262,0
58,48,106,263,0
56,64,120,264,0
56,41,97,265,0
64,56,120,266,0
58,48,106,267,0
54,58,112,268,0
69,54,123,269,0
48,38,86,270,0
45,50,95,271,0
60,45,105,272,0
43,42,85,273,0
56,45,101,274,0
53,48,101,275,0
50,42,92,276,0
44,46,90,277,0
46,48,94,278,0
54,45,99,279,0
59,45,104,280,0
48,52,100,281,0
69,53,122,282,0
61,44,105,283,0
54,44,98,284,0
53,51,104,285,0
67,54,121,286,0
44,40,84,287,0
52,50,102,288,0
45,39,84,289,0
44,48,92,290,0
44,40,84,291,0
57,45,102,292,0
51,39,90,293,0
45,59,104,294,0
36,53,89,295,0
54,52,106,296,0
61,53,114,297,0
60,51,111,298,0
52,37,89,299,0
48,39,87,300,0
45,37,82,301,0
55,47,102,302,0
65,48,113,303,0
50,52,102,304,0
59,46,105,305,0
59,38,97,306,0
54,44,98,307,0
60,48,108,308,0
49,46,95,309,0
50,34,84,310,0
47,43,90,311,0
61,46,107,312,0
50,39,89,313,0
61,58,119,314,0
47,34,81,315,0
61,49,110,316,0
60,54,114,317,0
64,52,116,318,0
46,44,90,319,0
45,44,89,320,0
52,41,93,321,0
43,45,88,322,0
58,45,103,323,0
68,52,120,324,0
45,41,86,325,0
53,54,107,326,0
67,52,119,327,0
59,45,104,328,0
52,42,94,329,0
65,48,113,330,0
62,51,113,331,0
61,32,93,332,0
55,43,98,333,0
45,40,85,334,0
54,35,89,335,0
54,57,111,336,0
45,57,102,337,0
38,37,75,338,0
49,51,100,339,0
53,44,97,340,0
50,44,94,341,0
50,55,105,342,0
63,51,114,343,0
46,49,95,344,0
54,47,101,345,0
50,43,93,346,0
50,50,100,347,0
52,45,97,348,0
52,46,98,349,0
46,40,86,350,0
49,48,97,351,0
63,61,124,352,0
51,43,94,353,0
49,45,94,354,0
61,49,110,355,0
52,47,99,356,0
40,40,80,357,0
54,46,100,358,0
39,46,85,359,0
47,57,104,360,0
52,42,94,361,0
58,52,110,362,0
53,45,98,363,0
73,45,118,364,0
62,46,108,365,0
46,49,95,366,0
46,39,85,367,0
65,53,118,368,0
60,50,110,369,0
52,43,95,370,0
57,39,96,371,0
59,42,101,372,0
57,54,111,373,0
50,38,88,374,0
54,39,93,375,0
55,59,114,376,0
59,46,105,377,0
41,44,85,378,0
53,40,93,379,0
59,45,104,380,0
54,50,104,381,0
58,43,101,382,0
41,41,82,383,0
37,40,77,384,0
51,55,106,385,0
61,51,112,386,0
51,48,99,387,0
50,48,98,388,0
62,56,118,389,0
45,42,87,390,0
50,57,107,391,0
56,42,98,392,0
51,44,95,393,0
58,42,100,394,0
56,47,103,395,0
53,43,96,396,0
54,52,106,397,0
57,48,105,398,0
51,42,93,399,0
54,36,90,400,0
46,45,91,401,0
60,51,111,402,0
48,30,78,403,0
58,38,96,404,0
51,51,102,405,0
50,45,95,406,0
55,47,102,407,0
55,43,98,408,0
57,59,116,409,0
42,51,93,410,0
46,42,88,411,0
55,52,107,412,0
54,58,112,413,0
63,43,106,414,0
51,43,94,415,0
58,41,99,416,0
54,56,110,417,0
55,54,109,418,0
64,58,122,419,0
52,49,101,420,0
62,55,117,421,0
61,52,113,422,0
57,46,103,423,0
42,33,75,424,0
57,52,109,425,0
59,61,120,426,0
49,53,102,427,0
57,39,96,428,0
54,49,103,429,0
53,50,103,430,0
53,54,107,431,0
51,52,103,432,0
45,45,90,433,0
56,42,98,434,0
47,34,81,435,0
53,45,98,436,0
56,39,95,437,0
60,46,106,438,0
50,46,96,439,0
56,46,102,440,0
55,59,114,441,0
45,34,79,442,0
47,53,100,443,0
54,53,107,444,0
56,39,95,445,0
57,47,104,446,0
44,46,90,447,0
47,49,96,448,0
49,44,93,449,0
55,44,99,450,0
58,47,105,451,0
53,51,104,452,0
52,49,101,453,0
59,59,118,454,0
47,40,87,455,0
51,42,93,456,0
65,52,117,457,0
50,46,96,458,0
54,45,99,459,0
62,53,115,460,0
41,45,86,461,0
52,49,101,462,0
53,47,100,463,0
54,57,111,464,0
47,42,89,465,0
59,40,99,466,0
51,54,105,467,0
59,53,112,468,0
40,44,84,469,0
51,44,95,470,0
62,35,97,471,0
50,50,100,472,0
55,65,120,473,0
60,44,104,474,0
50,58,108,475,0
57,52,109,476,0
46,35,81,477,0
50,44,94,478,0
43,34,77,479,0
54,49,103,480,0
43,57,100,481,0
51,42,93,482,0
51,40,91,483,0
59,53,112,484,0
43,46,89,485,0
54,33,87,486,0
58,53,111,487,0
43,45,88,488,0
52,53,105,489,0
53,52,105,490,0
58,52,110,491,0
61,44,105,492,0
46,43,89,493,0
45,49,94,494,0
54,48,102,495,0
44,50,94,496,0
54,63,117,497,0
56,50,106,498,0
56,49,105,499,0
60,41,101,500,0
62,53,115,501,0
36,37,73,502,0
43,40,83,503,0
55,43,98,504,0
46,32,78,505,0
44,49,93,506,0
53,51,104,507,0
57,53,110,508,0
49,47,96,509,0
64,56,120,510,0
55,48,103,511,0
37,40,77,512,0
48,58,106,513,0
49,32,81,514,0
54,44,98,515,0
49,39,88,516,0
55,26,81,517,0
50,52,102,518,0
42,49,91,519,0
51,50,101,520,0
44,39,83,521,0
48,39,87,522,0
49,51,100,523,0
48,51,99,524,0
46,38,84,525,0
44,45,89,526,0
52,36,88,527,0
55,48,103,528,0
57,40,97,529,0
70,69,139,530,0
58,44,102,531,0
48,28,76,532,0
60,43,103,533,0
43,52,95,534,0
53,61,114,535,0
57,36,93,536,0
41,49,90,537,0
54,49,103,538,0
53,45,98,539,0
62,51,113,540,0
53,52,105,541,0
50,38,88,542,0
55,48,103,543,0
42,44,86,544,0
43,42,85,545,0
53,42,95,546,0
52,42,94,547,0
54,48,102,548,0
46,51,97,549,0
48,45,93,550,0
32,32,64,551,0
47,39,86,552,0
53,48,101,553,0
49,36,85,554,0
53,54,107,555,0
47,28,75,556,0
46,51,97,557,0
43,46,89,558,0
47,46,93,559,0
46,46,92,560,0
50,48,98,561,0
46,52,98,562,0
58,45,103,563,0
53,38,91,564,0
55,36,91,565,0
52,54,106,566,0
58,47,105,567,0
54,54,108,568,0
55,49,104,569,0
47,38,85,570,0
64,54,118,571,0
51,46,97,572,0
48,50,98,573,0
39,40,79,574,0
43,53,96,575,0
60,55,115,576,0
50,43,93,577,0
56,49,105,578,0
53,41,94,579,0
48,52,100,580,0
33,27,60,581,0
52,32,84,582,0
53,35,88,583,0
49,47,96,584,0
47,43,90,585,0
66,54,120,586,0
49,40,89,587,0
50,52,102,588,0
53,47,100,589,0
56,31,87,590,0
52,55,107,591,0
57,47,104,592,0
43,47,90,593,0
53,55,108,594,0
41,33,74,595,0
45,37,82,596,0
55,50,105,597,0
42,34,76,598,0
60,42,102,599,0
42,43,85,600,0
48,44,92,601,0
58,56,114,602,0
58,43,101,603,0
42,39,81,604,0
60,55,115,605,0
52,57,109,606,0
49,48,97,607,0
46,51,97,608,0
41,35,76,609,0
41,52,93,610,0
41,46,87,611,0
47,52,99,612,0
49,47,96,613,0
56,42,98,614,0
56,45,101,615,0
51,51,102,616,0
46,48,94,617,0
44,44,88,618,0
50,52,102,619,0
57,43,100,620,0
48,42,90,621,0
52,54,106,622,0
43,35,78,623,0
59,49,108,624,0
40,36,76,625,0
49,56,105,626,0
51,37,88,627,0
50,48,98,628,0
48,46,94,629,0
56,65,121,630,0
40,45,85,631,0
43,37,80,632,0
51,49,100,633,0
51,37,88,634,0
61,54,115,635,0
47,52,99,636,0
62,58,120,637,0
51,49,100,638,0
56,51,107,639,0
57,29,86,640,0
53,57,110,641,0
51,56,107,642,0
50,42,92,643,0
47,39,86,644,0
61,59,120,645,0
54,42,96,646,0
44,38,82,647,0
52,46,98,648,0
46,44,90,649,0
47,45,92,650,0
54,49,103,651,0
54,44,98,652,0
49,41,90,653,0
54,45,99,654,0
42,36,78,655,0
42,50,92,656,0
48,45,93,657,0
41,47,88,658,0
50,58,108,659,0
56,64,120,660,0
52,58,110,661,0
45,52,97,662,0
52,50,102,663,0
48,48,96,664,0
61,50,111,665,0
61,51,112,666,0
50,37,87,667,0
58,47,105,668,0
56,49,105,669,0
48,44,92,670,0
54,52,106,671,0
53,66,119,672,0
60,54,114,673,0
57,60,117,674,0
50,42,92,675,0
53,46,99,676,0
55,46,101,677,0
64,45,109,678,0
47,41,88,679,0
59,53,112,680,0
62,64,126,681,0
45,33,78,682,0
66,39,105,683,0
47,56,103,684,0
53,46,99,685,0
50,47,97,686,0
46,42,88,687,0
54,42,96,688,0
66,50,116,689,0
50,57,107,690,0
57,53,110,691,0
53,44,97,692,0
52,43,95,693,0
51,52,103,694,0
59,54,113,695,0
56,48,104,696,0
51,57,108,697,0
47,42,89,698,0
40,47,87,699,0
54,48,102,700,0
42,41,83,701,0
58,54,112,702,0
55,47,102,703,0
48,42,90,704,0
58,38,96,705,0
52,58,110,706,0
48,48,96,707,0
49,48,97,708,0
46,51,97,709,0
53,34,87,710,0
62,40,102,711,0
49,48,97,712,0
58,68,126,713,0
51,37,88,714,0
55,54,109,715,0
49,33,82,716,0
52,54,106,717,0
58,64,122,718,0
57,47,104,719,0
43,33,76,720,0
54,50,104,721,0
60,52,112,722,0
52,49,101,723,0
52,52,104,724,0
42,44,86,725,0
59,53,112,726,0
39,41,80,727,0
46,51,97,728,0
61,57,118,729,0
43,49,92,730,0
58,53,111,731,0
45,42,87,732,0
52,67,119,733,0
37,38,75,734,0
61,54,115,735,0
43,51,94,736,0
56,61,117,737,0
59,55,114,738,0
60,47,107,739,0
52,56,108,740,0
51,44,95,741,0
56,48,104,742,0
66,56,122,743,0
58,45,103,744,0
59,45,104,745,0
63,43,106,746,0
58,43,101,747,0
50,46,96,748,0
60,56,116,749,0
67,55,122,750,0
54,46,100,751,0
59,47,106,752,0
47,51,98,753,0
47,52,99,754,0
45,51,96,755,0
59,53,112,756,0
52,48,100,757,0
45,46,91,758,0
63,61,124,759,0
50,43,93,760,0
50,37,87,761,0
50,53,103,762,0
56,52,108,763,0
53,45,98,764,0
54,48,102,765,0
50,50,100,766,0
53,44,97,767,0
51,33,84,768,0
51,47,98,769,0
57,41,98,770,0
57,58,115,771,0
47,39,86,772,0
47,36,83,773,0
64,41,105,774,0
55,44,99,775,0
50,59,109,776,0
60,48,108,777,0
52,49,101,778,0
53,49,102,779,0
45,42,87,780,0
52,52,104,781,0
58,43,101,782,0
52,52,104,783,0
46,42,88,784,0
48,46,94,785,0
40,40,80,786,0
48,61,109,787,0
49,36,85,788,0
43,36,79,789,0
65,46,111,790,0
53,48,101,791,0
43,48,91,792,0
61,49,110,793,0
55,43,98,794,0
60,46,106,795,0
59,46,105,796,0
44,60,104,797,0
58,46,104,798,0
59,36,95,799,0
44,57,101,800,0
63,42,105,801,0
55,53,108,802,0
52,45,97,803,0
57,60,117,804,0
43,36,79,805,0
51,50,101,806,0
53,43,96,807,0
66,49,115,808,0
44,35,79,809,0
46,42,88,810,0
50,53,103,811,0
49,36,85,812,0
50,51,101,813,0
51,50,101,814,0
52,45,97,815,0
52,45,97,816,0
42,35,77,817,0
49,45,94,818,0
59,49,108,819,0
51,46,97,820,0
50,44,94,821,0
50,44,94,822,0
45,47,92,823,0
50,41,91,824,0
53,48,101,825,0
53,45,98,826,0
44,48,92,827,0
51,35,86,828,0
47,43,90,829,0
51,51,102,830,0
58,49,107,831,0
55,55,110,832,0
49,48,97,833,0
52,27,79,834,0
53,41,94,835,0
58,42,100,836,0
60,61,121,837,0
70,55,125,838,0
53,42,95,839,0
54,47,101,840,0
44,42,86,841,0
59,42,101,842,0
50,39,89,843,0
56,46,102,844,0
52,36,88,845,0
40,44,84,846,0
59,57,116,847,0
52,46,98,848,0
42,36,78,849,0
55,43,98,850,0
51,47,98,851,0
49,48,97,852,0
49,32,81,853,0
56,62,118,854,0
59,51,110,855,0
57,45,102,856,0
55,61,116,857,0
45,47,92,858,0
60,50,110,859,0
47,41,88,860,0
47,51,98,861,0
49,48,97,862,0
54,50,104,863,0
53,44,97,864,0
56,59,115,865,0
45,49,94,866,0
63,44,107,867,0
53,40,93,868,0
59,48,107,869,0
55,46,101,870,0
43,43,86,871,0
49,62,111,872,0
46,49,95,873,0
50,42,92,874,0
52,54,106,875,0
60,54,114,876,0
46,39,85,877,0
57,43,100,878,0
53,51,104,879,0
47,37,84,880,0
45,57,102,881,0
50,34,84,882,0
57,52,109,883,0
44,39,83,884,0
44,41,85,885,0
59,44,103,886,0
56,46,102,887,0
55,35,90,888,0
56,56,112,889,0
42,44,86,890,0
63,49,112,891,0
43,34,77,892,0
49,47,96,893,0
43,44,87,894,0
59,49,108,895,0
54,48,102,896,0
44,33,77,897,0
54,53,107,898,0
53,45,98,899,0
49,46,95,900,0
53,55,108,901,0
59,52,111,902,0
45,43,88,903,0
59,48,107,904,0
59,60,119,905,0
56,52,108,906,0
56,53,109,907,0
46,53,99,908,0
71,51,122,909,0
53,37,90,910,0
57,56,113,911,0
47,48,95,912,0
53,35,88,913,0
47,45,92,914,0
57,50,107,915,0
58,42,100,916,0
52,46,98,917,0
47,45,92,918,0
54,44,98,919,0
53,49,102,920,0
56,43,99,921,0
51,34,85,922,0
42,52,94,923,0
48,47,95,924,0
51,45,96,925,0
61,58,119,926,0
55,49,104,927,0
51,57,108,928,0
57,44,101,929,0
51,48,99,930,0
59,58,117,931,0
36,41,77,932,0
57,38,95,933,0
60,55,115,934,0
61,51,112,935,0
52,44,96,936,0
56,55,111,937,0
56,43,99,938,0
53,47,100,939,0
42,37,79,940,0
55,46,101,941,0
55,50,105,942,0
49,58,107,943,0
48,50,98,944,0
56,49,105,945,0
56,57,113,946,0
47,41,88,947,0
45,50,95,948,0
48,40,88,949,0
65,43,108,950,0
45,46,91,951,0
54,47,101,952,0
55,53,108,953,0
41,40,81,954,0
59,37,96,955,0
57,47,104,956,0
60,47,107,957,0
58,39,97,958,0
54,40,94,959,0
46,41,87,960,0
46,33,79,961,0
46,36,82,962,0
50,42,92,963,0
64,58,122,964,0
53,46,99,965,0
48,46,94,966,0
56,43,99,967,0
58,51,109,968,0
49,44,93,969,0
53,49,102,970,0
47,46,93,971,0
45,47,92,972,0
37,33,70,973,0
62,60,122,974,0
50,47,97,975,0
47,49,96,976,0
55,45,100,977,0
52,56,108,978,0
49,46,95,979,0
57,46,103,980,0
45,47,92,981,0
49,46,95,982,0
56,47,103,983,0
49,48,97,984,0
52,53,105,985,0
54,45,99,986,0
51,46,97,987,0
61,58,119,988,0
56,51,107,989,0
53,39,92,990,0
51,50,101,991,0
50,52,102,992,0
54,40,94,993,0
43,37,80,994,0
45,47,92,995,0
47,35,82,996,0
49,45,94,997,0
49,38,87,998,0
50,45,95,999,0
57,57,114,1000,0
51,54,105,1001,0
49,41,90,1002,0
46,52,98,1003,0
56,44,100,1004,0
63,60,123,1005,0
54,59,113,1006,0
41,48,89,1007,0
50,47,97,1008,0
50,43,93,1009,0
47,33,80,1010,0
61,49,110,1011,0
61,54,115,1012,0
54,44,98,1013,0
57,49,106,1014,0
46,37,83,1015,0
47,43,90,1016,0
48,47,95,1017,0
49,42,91,1018,0
49,36,85,1019,0
49,44,93,1020,0
49,53,102,1021,0
60,44,104,1022,0
61,45,106,1023,0
33,41,74,1024,0
56,56,112,1025,0
55,49,104,1026,0
59,42,101,1027,0
43,43,86,1028,0
47,41,88,1029,0
55,47,102,1030,0
60,53,113,1031,0
48,44,92,1032,0
40,38,78,1033,0
53,60,113,1034,0
46,50,96,1035,0
50,46,96,1036,0
57,39,96,1037,0
51,54,105,1038,0
43,36,79,1039,0
58,43,101,1040,0
50,49,99,1041,0
56,39,95,1042,0
46,47,93,1043,0
49,39,88,1044,0
50,46,96,1045,0
52,44,96,1046,0
57,46,103,1047,0
38,55,93,1048,0
56,45,101,1049,0
61,48,109,1050,0
69,47,116,1051,0
42,55,97,1052,0
50,38,88,1053,0
61,49,110,1054,0
49,46,95,1055,0
50,47,97,1056,0
55,47,102,1057,0
41,40,81,1058,0
62,58,120,1059,0
47,43,90,1060,0
54,49,103,1061,0
52,49,101,1062,0
57,56,113,1063,0
57,51,108,1064,0
56,47,103,1065,0
48,46,94,1066,0
40,36,76,1067,0
45,43,88,1068,0
62,56,118,1069,0
58,43,101,1070,0
55,44,99,1071,0
54,50,104,1072,0
54,52,106,1073,0
55,44,99,1074,0
59,41,100,1075,0
63,45,108,1076,0
49,40,89,1077,0
55,55,110,1078,0
55,40,95,1079,0
42,36,78,1080,0
45,50,95,1081,0
56,45,101,1082,0
53,60,113,1083,0
65,49,114,1084,0
62,42,104,1085,0
60,56,116,1086,0
53,62,115,1087,0
57,40,97,1088,0
53,46,99,1089,0
52,51,103,1090,0
48,43,91,1091,0
46,35,81,1092,0
54,42,96,1093,0
56,47,103,1094,0
43,48,91,1095,0
43,39,82,1096,0
55,44,99,1097,0
56,48,104,1098,0
53,55,108,1099,0
51,45,96,1100,0
52,44,96,1101,0
56,43,99,1102,0
55,41,96,1103,0
51,49,100,1104,0
57,51,108,1105,0
48,39,87,1106,0
49,44,93,1107,0
49,52,101,1108,0
56,35,91,1109,0
56,54,110,1110,0
42,38,80,1111,0
56,57,113,1112,0
54,49,103,1113,0
65,60,125,1114,0
58,42,100,1115,0
46,53,99,1116,0
59,54,113,1117,0
55,40,95,1118,0
56,47,103,1119,0
53,47,100,1120,0
47,47,94,1121,0
57,48,105,1122,0
52,49,101,1123,0
60,44,104,1124,0
46,40,86,1125,0
60,42,102,1126,0
53,28,81,1127,0
53,45,98,1128,0
54,46,100,1129,0
51,54,105,1130,0
44,42,86,1131,0
61,56,117,1132,0
43,51,94,1133,0
49,34,83,1134,0
42,40,82,1135,0
36,40,76,1136,0
48,54,102,1137,0
53,56,109,1138,0
52,57,109,1139,0
55,50,105,1140,0
43,28,71,1141,0
60,53,113,1142,0
52,46,98,1143,0
56,43,99,1144,0
56,48,104,1145,0
39,36,75,1146,0
43,32,75,1147,0
65,39,104,1148,0
51,45,96,1149,0
48,54,102,1150,0
49,54,103,1151,0
45,51,96,1152,0
61,46,107,1153,0
51,43,94,1154,0
49,55,104,1155,0
61,44,105,1156,0
52,39,91,1157,0
55,56,111,1158,0
60,39,99,1159,0
50,46,96,1160,0
60,56,116,1161,0
48,50,98,1162,0
58,54,112,1163,0
41,37,78,1164,0
53,50,103,1165,0
50,44,94,1166,0
57,50,107,1167,0
60,49,109,1168,0
57,43,100,1169,0
56,53,109,1170,0
53,42,95,1171,0
45,35,80,1172,0
60,59,119,1173,0
45,46,91,1174,0
48,42,90,1175,0
56,47,103,1176,0
54,46,100,1177,0
55,61,116,1178,0
60,45,105,1179,0
52,50,102,1180,0
55,47,102,1181,0
57,62,119,1182,0
54,53,107,1183,0
41,48,89,1184,0
52,46,98,1185,0
50,49,99,1186,0
56,52,108,1187,0
63,48,111,1188,0
41,52,93,1189,0
47,47,94,1190,0
48,48,96,1191,0
54,38,92,1192,0
53,57,110,1193,0
44,54,98,1194,0
63,52,115,1195,0
59,65,124,1196,0
56,53,109,1197,0
64,47,111,1198,0
45,43,88,1199,0
43,40,83,1200,0
44,44,88,1201,0
58,46,104,1202,0
50,49,99,1203,0
43,47,90,1204,0
58,47,105,1205,0
54,43,97,1206,0
50,43,93,1207,0
62,35,97,1208,0
49,35,84,1209,0
47,33,80,1210,0
42,35,77,1211,0
59,51,110,1212,0
51,40,91,1213,0
59,63,122,1214,0
44,38,82,1215,0
42,46,88,1216,0
54,31,85,1217,0
56,49,105,1218,0
54,59,113,1219,0
47,26,73,1220,0
42,49,91,1221,0
51,55,106,1222,0
57,40,97,1223,0
42,39,81,1224,0
53,46,99,1225,0
48,34,82,1226,0
40,45,85,1227,0
51,44,95,1228,0
69,52,121,1229,0
49,42,91,1230,0
40,38,78,1231,0
44,33,77,1232,0
48,32,80,1233,0
58,42,100,1234,0
37,45,82,1235,0
49,52,101,1236,0
49,36,85,1237,0
53,49,102,1238,0
66,36,102,1239,0
56,52,108,1240,0
62,54,116,1241,0
58,57,115,1242,0
54,47,101,1243,0
52,45,97,1244,0
47,52,99,1245,0
48,48,96,1246,0
53,52,105,1247,0
63,54,117,1248,0
52,55,107,1249,0
54,57,111,1250,0
41,32,73,1251,0
63,40,103,1252,0
56,48,104,1253,0
48,55,103,1254,0
45,51,96,1255,0
54,45,99,1256,0
52,37,89,1257,0
45,33,78,1258,0
58,50,108,1259,0
58,48,106,1260,0
42,33,75,1261,0
49,35,84,1262,0
54,40,94,1263,0
39,37,76,1264,0
62,50,112,1265,0
45,51,96,1266,0
47,46,93,1267,0
49,45,94,1268,0
43,42,85,1269,0
49,35,84,1270,0
45,43,88,1271,0
54,48,102,1272,0
49,56,105,1273,0
52,56,108,1274,0
51,41,92,1275,0
47,50,97,1276,0
50,56,106,1277,0
54,55,109,1278,0
60,47,107,1279,0
47,30,77,1280,0
58,44,102,1281,0
43,52,95,1282,0
50,50,100,1283,0
51,43,94,1284,0
42,40,82,1285,0
62,50,112,1286,0
47,37,84,1287,0
64,44,108,1288,0
52,52,104,1289,0
52,42,94,1290,0
53,39,92,1291,0
55,49,104,1292,0
48,43,91,1293,0
49,52,101,1294,0
45,49,94,1295,0
53,48,101,1296,0
46,41,87,1297,0
41,32,73,1298,0
53,57,110,1299,0
62,52,114,1300,0
46,43,89,1301,0
54,42,96,1302,0
58,47,105,1303,0
46,43,89,1304,0
46,41,87,1305,0
44,50,94,1306,0
40,44,84,1307,0
46,39,85,1308,0
51,44,95,1309,0
56,29,85,1310,0
55,49,104,1311,0
59,43,102,1312,0
60,54,114,1313,0
41,41,82,1314,0
55,58,113,1315,0
37,22,59,1316,0
57,45,102,1317,0
44,35,79,1318,0
60,55,115,1319,0
48,41,89,1320,0
50,37,87,1321,0
55,45,100,1322,0
60,44,104,1323,0
47,47,94,1324,0
57,57,114,1325,0
48,43,91,1326,0
52,41,93,1327,0
51,46,97,1328,0
43,35,78,1329,0
32,35,67,1330,0
51,51,102,1331,0
55,49,104,1332,0
56,45,101,1333,0
49,43,92,1334,0
55,44,99,1335,0
61,48,109,1336,0
60,44,104,1337,0
60,46,106,1338,0
43,43,86,1339,0
51,64,115,1340,0
48,54,102,1341,0
52,47,99,1342,0
39,49,88,1343,0
58,66,124,1344,0
37,39,76,1345,0
62,45,107,1346,0
61,37,98,1347,0
58,46,104,1348,0
63,57,120,1349,0
41,43,84,1350,0
61,46,107,1351,0
54,45,99,1352,0
53,42,95,1353,0
48,42,90,1354,0
42,38,80,1355,0
50,55,105,1356,0
70,33,103,1357,0
51,51,102,1358,0
59,49,108,1359,0
53,50,103,1360,0
40,44,84,1361,0
50,50,100,1362,0
52,44,96,1363,0
44,46,90,1364,0
61,42,103,1365,0
39,40,79,1366,0
59,39,98,1367,0
47,30,77,1368,0
51,40,91,1369,0
50,49,99,1370,0
51,36,87,1371,0
50,41,91,1372,0
48,54,102,1373,0
62,46,108,1374,0
44,40,84,1375,0
57,56,113,1376,0
51,44,95,1377,0
43,40,83,1378,0
50,48,98,1379,0
48,39,87,1380,0
60,53,113,1381,0
53,63,116,1382,0
48,46,94,1383,0
61,68,129,1384,0
43,41,84,1385,0
49,34,83,1386,0
48,33,81,1387,0
64,49,113,1388,0
46,36,82,1389,0
56,37,93,1390,0
65,51,116,1391,0
47,49,96,1392,0
49,60,109,1393,0
46,55,101,1394,0
55,47,102,1395,0
58,45,103,1396,0
51,46,97,1397,0
63,55,118,1398,0
56,60,116,1399,0
46,40,86,1400,0
49,37,86,1401,0
54,42,96,1402,0
55,56,111,1403,0
44,45,89,1404,0
53,41,94,1405,0
54,52,106,1406,0
58,60,118,1407,0
52,39,91,1408,0
45,53,98,1409,0
48,42,90,1410,0
58,50,108,1411,0
50,41,91,1412,0
53,68,121,1413,0
49,39,88,1414,0
57,46,103,1415,0
44,48,92,1416,0
47,43,90,1417,0
50,50,100,1418,0
37,38,75,1419,0
56,38,94,1420,0
46,40,86,1421,0
48,42,90,1422,0
45,40,85,1423,0
48,45,93,1424,0
52,38,90,1425,0
51,56,107,1426,0
60,49,109,1427,0
50,35,85,1428,0
49,46,95,1429,0
50,48,98,1430,0
43,49,92,1431,0
49,53,102,1432,0
56,40,96,1433,0
41,34,75,1434,0
57,49,106,1435,0
60,51,111,1436,0
40,40,80,1437,0
52,39,91,1438,0
59,53,112,1439,0
49,51,100,1440,0
40,39,79,1441,0
57,39,96,1442,0
46,33,79,1443,0
45,47,92,1444,0
51,35,86,1445,0
48,38,86,1446,0
54,53,107,1447,0
53,51,104,1448,0
47,43,90,1449,0
47,46,93,1450,0
43,48,91,1451,0
57,51,108,1452,0
63,49,112,1453,0
62,35,97,1454,0
48,44,92,1455,0
54,56,110,1456,0
48,59,107,1457,0
41,36,77,1458,0
59,59,118,1459,0
53,41,94,1460,0
51,39,90,1461,0
57,49,106,1462,0
56,36,92,1463,0
65,66,131,1464,0
63,57,120,1465,0
43,40,83,1466,0
59,65,124,1467,0
48,33,81,1468,0
58,50,108,1469,0
44,55,99,1470,0
54,50,104,1471,0
59,41,100,1472,0
41,57,98,1473,0
49,51,100,1474,0
56,38,94,1475,0
53,40,93,1476,0
55,57,112,1477,0
50,56,106,1478,0
47,50,97,1479,0
55,49,104,1480,0
54,44,98,1481,0
54,37,91,1482,0
55,45,100,1483,0
61,55,116,1484,0
56,56,112,1485,0
55,57,112,1486,0
54,33,87,1487,0
54,48,102,1488,0
60,59,119,1489,0
43,35,78,1490,0
59,44,103,1491,0
55,59,114,1492,0
47,43,90,1493,0
49,48,97,1494,0
56,48,104,1495,0
49,39,88,1496,0
56,43,99,1497,0
46,49,95,1498,0
49,39,88,1499,0
53,39,92,1500,0
59,49,108,1501,0
52,35,87,1502,0
63,54,117,1503,0
61,61,122,1504,0
48,55,103,1505,0
48,36,84,1506,0
55,45,100,1507,0
50,48,98,1508,0
49,41,90,1509,0
46,42,88,1510,0
49,42,91,1511,0
47,55,102,1512,0
51,46,97,1513,0
55,54,109,1514,0
47,58,105,1515,0
55,58,113,1516,0
54,50,104,1517,0
48,38,86,1518,0
48,55,103,1519,0
59,39,98,1520,0
48,49,97,1521,0
31,46,77,1522,0
58,49,107,1523,0
37,40,77,1524,0
72,47,119,1525,0
57,56,113,1526,0
43,37,80,1527,0
60,57,117,1528,0
46,34,80,1529,0
54,52,106,1530,0
43,47,90,1531,0
48,44,92,1532,0
51,49,100,1533,0
51,45,96,1534,0
57,41,98,1535,0
56,55,111,1536,0
51,47,98,1537,0
56,58,114,1538,0
59,51,110,1539,0
54,45,99,1540,0
62,56,118,1541,0
58,50,108,1542,0
55,43,98,1543,0
53,51,104,1544,0
41,36,77,1545,0
55,49,104,1546,0
46,27,73,1547,0
46,34,80,1548,0
53,54,107,1549,0
46,28,74,1550,0
59,39,98,1551,0
49,39,88,1552,0
45,46,91,1553,0
54,45,99,1554,0
51,51,102,1555,0
61,49,110,1556,0
48,47,95,1557,0
54,37,91,1558,0
52,38,90,1559,0
59,43,102,1560,0
53,57,110,1561,0
60,64,124,1562,0
52,43,95,1563,0
47,42,89,1564,0
34,40,74,1565,0
59,51,110,1566,0
54,49,103,1567,0
52,50,102,1568,0
57,49,106,1569,0
46,39,85,1570,0
54,57,111,1571,0
46,50,96,1572,0
63,55,118,1573,0
53,43,96,1574,0
47,38,85,1575,0
53,48,101,1576,0
46,48,94,1577,0
56,48,104,1578,0
57,43,100,1579,0
50,46,96,1580,0
50,50,100,1581,0
42,42,84,1582,0
46,39,85,1583,0
48,40,88,1584,0
67,67,134,1585,0
60,39,99,1586,0
49,59,108,1587,0
42,39,81,1588,0
51,42,93,1589,0
49,54,103,1590,0
63,72,135,1591,0
46,53,99,1592,0
47,49,96,1593,0
52,40,92,1594,0
57,51,108,1595,0
68,66,134,1596,0
56,49,105,1597,0
50,46,96,1598,0
50,44,94,1599,0
46,34,80,1600,0
52,44,96,1601,0
58,47,105,1602,0
55,44,99,1603,0
59,44,103,1604,0
58,54,112,1605,0
44,49,93,1606,0
62,43,105,1607,0
61,46,107,1608,0
41,43,84,1609,0
55,41,96,1610,0
34,37,71,1611,0
63,50,113,1612,0
46,41,87,1613,0
58,34,92,1614,0
52,52,104,1615,0
57,52,109,1616,0
52,48,100,1617,0
56,44,100,1618,0
40,43,83,1619,0
42,39,81,1620,0
48,39,87,1621,0
55,46,101,1622,0
41,43,84,1623,0
55,49,104,1624,0
51,58,109,1625,0
50,46,96,1626,0
53,40,93,1627,0
49,41,90,1628,0
54,58,112,1629,0
43,49,92,1630,0
59,57,116,1631,0
53,43,96,1632,0
45,37,82,1633,0
51,50,101,1634,0
65,38,103,1635,0
46,42,88,1636,0
63,45,108,1637,0
46,38,84,1638,0
48,40,88,1639,0
58,48,106,1640,0
55,52,107,1641,0
50,58,108,1642,0
49,43,92,1643,0
53,41,94,1644,0
68,56,124,1645,0
50,60,110,1646,0
38,50,88,1647,0
50,40,90,1648,0
48,41,89,1649,0
45,46,91,1650,0
51,53,104,1651,0
53,50,103,1652,0
56,39,95,1653,0
52,53,105,1654,0
49,45,94,1655,0
45,46,91,1656,0
58,40,98,1657,0
54,41,95,1658,0
57,43,100,1659,0
48,56,104,1660,0
59,63,122,1661,0
57,40,97,1662,0
61,47,108,1663,0
46,42,88,1664,0
45,40,85,1665,0
45,41,86,1666,0
52,51,103,1667,0
57,46,103,1668,0
60,52,112,1669,0
55,47,102,1670,0
45,51,96,1671,0
49,32,81,1672,0
53,43,96,1673,0
54,43,97,1674,0
49,28,77,1675,0
45,44,89,1676,0
51,41,92,1677,0
58,48,106,1678,0
48,40,88,1679,0
53,52,105,1680,0
52,42,94,1681,0
52,41,93,1682,0
57,54,111,1683,0
47,47,94,1684,0
43,37,80,1685,0
46,31,77,1686,0
59,47,106,1687,0
58,39,97,1688,0
54,36,90,1689,0
65,44,109,1690,0
59,51,110,1691,0
50,53,103,1692,0
53,47,100,1693,0
38,39,77,1694,0
57,46,103,1695,0
59,48,107,1696,0
55,42,97,1697,0
57,45,102,1698,0
33,35,68,1699,0
49,53,102,1700,0
46,48,94,1701,0
47,38,85,1702,0
54,44,98,1703,0
48,40,88,1704,0
48,39,87,1705,0
55,47,102,1706,0
56,42,98,1707,0
45,52,97,1708,0
60,55,115,1709,0
54,64,118,1710,0
49,37,86,1711,0
55,45,100,1712,0
43,41,84,1713,0
44,43,87,1714,0
52,48,100,1715,0
59,42,101,1716,0
53,52,105,1717,0
50,44,94,1718,0
55,53,108,1719,0
47,44,91,1720,0
57,48,105,1721,0
57,37,94,1722,0
53,43,96,1723,0
56,41,97,1724,0
52,46,98,1725,0
59,50,109,1726,0
47,37,84,1727,0
48,44,92,1728,0
46,41,87,1729,0
52,46,98,1730,0
40,47,87,1731,0
48,41,89,1732,0
56,58,114,1733,0
52,38,90,1734,0
55,45,100,1735,0
47,46,93,1736,0
49,39,88,1737,0
62,44,106,1738,0
50,43,93,1739,0
58,55,113,1740,0
62,38,100,1741,0
53,47,100,1742,0
49,41,90,1743,0
49,48,97,1744,0
52,58,110,1745,0
51,54,105,1746,0
60,45,105,1747,0
43,43,86,1748,0
62,52,114,1749,0
55,47,102,1750,0
52,43,95,1751,0
56,56,112,1752,0
57,33,90,1753,0
43,35,78,1754,0
38,38,76,1755,0
47,44,91,1756,0
45,45,90,1757,0
45,43,88,1758,0
57,44,101,1759,0
49,45,94,1760,0
55,37,92,1761,0
47,53,100,1762,0
57,46,103,1763,0
60,42,102,1764,0
60,42,102,1765,0
53,46,99,1766,0
51,65,116,1767,0
55,48,103,1768,0
54,45,99,1769,0
41,52,93,1770,0
49,52,101,1771,0
51,47,98,1772,0
49,48,97,1773,0
54,40,94,1774,0
55,48,103,1775,0
51,54,105,1776,0
46,44,90,1777,0
63,40,103,1778,0
54,47,101,1779,0
52,40,92,1780,0
51,56,107,1781,0
41,52,93,1782,0
50,40,90,1783,0
47,42,89,1784,0
58,45,103,1785,0
54,44,98,1786,0
58,47,105,1787,0
59,49,108,1788,0
51,36,87,1789,0
53,47,100,1790,0
48,34,82,1791,0
46,39,85,1792,0
48,50,98,1793,0
47,41,88,1794,0
52,52,104,1795,0
65,44,109,1796,0
53,39,92,1797,0
70,51,121,1798,0
56,46,102,1799,0
48,50,98,1800,0
63,55,118,1801,0
60,59,119,1802,0
60,46,106,1803,0
57,46,103,1804,0
40,38,78,1805,0
55,46,101,1806,0
51,46,97,1807,0
57,50,107,1808,0
53,54,107,1809,0
45,36,81,1810,0
56,59,115,1811,0
39,41,80,1812,0
55,51,106,1813,0
44,34,78,1814,0
58,52,110,1815,0
43,35,78,1816,0
47,36,83,1817,0
55,40,95,1818,0
48,43,91,1819,0
40,55,95,1820,0
57,51,108,1821,0
56,54,110,1822,0
56,58,114,1823,0
59,48,107,1824,0
46,47,93,1825,0
44,44,88,1826,0
38,34,72,1827,0
45,47,92,1828,0
57,45,102,1829,0
52,50,102,1830,0
43,49,92,1831,0
57,57,114,1832,0
40,42,82,1833,0
43,30,73,1834,0
52,46,98,1835,0
46,46,92,1836,0
50,42,92,1837,0
48,50,98,1838,0
44,51,95,1839,0
55,55,110,1840,0
55,40,95,1841,0
50,46,96,1842,0
47,51,98,1843,0
46,43,89,1844,0
46,57,103,1845,0
45,30,75,1846,0
62,51,113,1847,0
33,32,65,1848,0
46,35,81,1849,0
38,47,85,1850,0
58,49,107,1851,0
54,43,97,1852,0
45,36,81,1853,0
51,43,94,1854,0
44,40,84,1855,0
54,49,103,1856,0
49,48,97,1857,0
57,50,107,1858,0
60,55,115,1859,0
44,42,86,1860,0
48,49,97,1861,0
54,46,100,1862,0
51,39,90,1863,0
41,37,78,1864,0
52,52,104,1865,0
53,37,90,1866,0
36,29,65,1867,0
55,53,108,1868,0
43,54,97,1869,0
56,39,95,1870,0
56,56,112,1871,0
68,47,115,1872,0
51,39,90,1873,0
58,47,105,1874,0
59,66,125,1875,0
49,38,87,1876,0
59,46,105,1877,0
52,31,83,1878,0
50,39,89,1879,0
62,50,112,1880,0
42,43,85,1881,0
57,49,106,1882,0
53,58,111,1883,0
50,54,104,1884,0
43,47,90,1885,0
39,44,83,1886,0
55,35,90,1887,0
45,47,92,1888,0
54,53,107,1889,0
51,45,96,1890,0
47,56,103,1891,0
57,50,107,1892,0
52,41,93,1893,0
55,45,100,1894,0
46,46,92,1895,0
42,32,74,1896,0
57,54,111,1897,0
58,52,110,1898,0
46,37,83,1899,0
51,48,99,1900,0
52,46,98,1901,0
48,63,111,1902,0
49,54,103,1903,0
59,40,99,1904,0
56,64,120,1905,0
53,47,100,1906,0
65,60,125,1907,0
54,49,103,1908,0
56,39,95,1909,0
33,32,65,1910,0
44,41,85,1911,0
52,39,91,1912,0
58,43,101,1913,0
48,33,81,1914,0
38,39,77,1915,0
41,39,80,1916,0
59,41,100,1917,0
47,39,86,1918,0
57,47,104,1919,0
48,38,86,1920,0
60,51,111,1921,0
61,48,109,1922,0
59,47,106,1923,0
49,35,84,1924,0
53,45,98,1925,0
50,37,87,1926,0
49,36,85,1927,0
47,48,95,1928,0
53,40,93,1929,0
61,51,112,1930,0
33,27,60,1931,0
40,44,84,1932,0
44,37,81,1933,0
49,39,88,1934,0
55,39,94,1935,0
52,49,101,1936,0
56,47,103,1937,0
54,39,93,1938,0
47,38,85,1939,0
57,36,93,1940,0
54,68,122,1941,0
58,39,97,1942,0
48,42,90,1943,0
46,46,92,1944,0
52,51,103,1945,0
43,38,81,1946,0
56,52,108,1947,0
55,43,98,1948,0
50,55,105,1949,0
47,39,86,1950,0
51,35,86,1951,0
50,48,98,1952,0
46,56,102,1953,0
45,34,79,1954,0
53,51,104,1955,0
57,46,103,1956,0
60,29,89,1957,0
48,32,80,1958,0
47,49,96,1959,0
53,39,92,1960,0
45,38,83,1961,0
53,52,105,1962,0
46,47,93,1963,0
49,34,83,1964,0
46,40,86,1965,0
50,63,113,1966,0
43,37,80,1967,0
58,62,120,1968,0
49,43,92,1969,0
63,47,110,1970,0
67,55,122,1971,0
56,42,98,1972,0
52,34,86,1973,0
45,32,77,1974,0
58,58,116,1975,0
47,42,89,1976,0
50,45,95,1977,0
52,56,108,1978,0
45,39,84,1979,0
57,47,104,1980,0
53,44,97,1981,0
49,41,90,1982,0
54,49,103,1983,0
49,43,92,1984,0
53,49,102,1985,0
46,40,86,1986,0
56,43,99,1987,0
55,51,106,1988,0
58,42,100,1989,0
52,51,103,1990,0
58,47,105,1991,0
58,51,109,1992,0
58,52,110,1993,0
48,56,104,1994,0
48,53,101,1995,0
52,45,97,1996,0
46,41,87,1997,0
57,58,115,1998,0
50,48,98,1999,0
51,45,96,2000,0
54,38,92,2001,0
56,34,90,2002,0
50,43,93,2003,0
47,39,86,2004,0
51,44,95,2005,0
52,53,105,2006,0
55,50,105,2007,0
54,45,99,2008,0
47,57,104,2009,0
54,50,104,2010,0
49,45,94,2011,0
57,55,112,2012,0
54,35,89,2013,0
46,45,91,2014,0
54,43,97,2015,0
50,40,90,2016,0
40,51,91,2017,0
52,46,98,2018,0
45,42,87,2019,0
46,41,87,2020,0
45,43,88,2021,0
44,43,87,2022,0
42,41,83,2023,0
48,52,100,2024,0
39,45,84,2025,0
50,37,87,2026,0
49,49,98,2027,0
49,44,93,2028,0
53,45,98,2029,0
50,28,78,2030,0
43,44,87,2031,0
50,49,99,2032,0
53,57,110,2033,0
44,52,96,2034,0
43,34,77,2035,0
56,43,99,2036,0
53,40,93,2037,0
60,49,109,2038,0
63,53,116,2039,0
45,39,84,2040,0
50,41,91,2041,0
47,52,99,2042,0
57,55,112,2043,0
51,49,100,2044,0
48,52,100,2045,0
53,48,101,2046,0
70,58,128,2047,0
56,49,105,2048,0
47,34,81,2049,0
53,51,104,2050,0
51,44,95,2051,0
49,48,97,2052,0
72,46,118,2053,0
50,39,89,2054,0
54,48,102,2055,0
61,49,110,2056,0
53,53,106,2057,0
61,39,100,2058,0
42,44,86,2059,0
49,39,88,2060,0
68,54,122,2061,0
55,58,113,2062,0
52,49,101,2063,0
50,58,108,2064,0
55,53,108,2065,0
45,47,92,2066,0
50,43,93,2067,0
53,45,98,2068,0
57,52,109,2069,0
55,38,93,2070,0
54,60,114,2071,0
43,33,76,2072,0
42,37,79,2073,0
44,37,81,2074,0
43,33,76,2075,0
51,40,91,2076,0
50,42,92,2077,0
44,47,91,2078,0
57,62,119,2079,0
60,33,93,2080,0
60,47,107,2081,0
52,55,107,2082,0
54,49,103,2083,0
36,29,65,2084,0
51,46,97,2085,0
44,39,83,2086,0
58,52,110,2087,0
52,45,97,2088,0
49,51,100,2089,0
49,41,90,2090,0
50,56,106,2091,0
62,44,106,2092,0
60,46,106,2093,0
53,46,99,2094,0
58,53,111,2095,0
57,54,111,2096,0
54,51,105,2097,0
50,36,86,2098,0
56,50,106,2099,0
52,50,102,2100,0
53,48,101,2101,0
59,50,109,2102,0
46,34,80,2103,0
49,40,89,2104,0
56,48,104,2105,0
57,46,103,2106,0
52,47,99,2107,0
49,47,96,2108,0
50,52,102,2109,0
46,28,74,2110,0
48,54,102,2111,0
56,56,112,2112,0
52,45,97,2113,0
46,43,89,2114,0
46,43,89,2115,0
54,43,97,2116,0
45,36,81,2117,0
50,46,96,2118,0
54,41,95,2119,0
46,45,91,2120,0
44,35,79,2121,0
59,50,109,2122,0
55,58,113,2123,0
59,56,115,2124,0
52,41,93,2125,0
64,43,107,2126,0
47,46,93,2127,0
39,45,84,2128,0
54,51,105,2129,0
40,40,80,2130,0
48,43,91,2131,0
48,54,102,2132,0
59,56,115,2133,0
44,42,86,2134,0
46,38,84,2135,0
66,38,104,2136,0
52,38,90,2137,0
42,43,85,2138,0
59,40,99,2139,0
39,41,80,2140,0
56,56,112,2141,0
50,45,95,2142,0
50,47,97,2143,0
49,42,91,2144,0
54,56,110,2145,0
57,63,120,2146,0
58,49,107,2147,0
47,44,91,2148,0
63,58,121,2149,0
51,58,109,2150,0
53,48,101,2151,0
50,47,97,2152,0
49,49,98,2153,0
49,50,99,2154,0
53,67,120,2155,0
63,47,110,2156,0
52,42,94,2157,0
51,36,87,2158,0
48,49,97,2159,0
56,47,103,2160,0
60,49,109,2161,0
49,50,99,2162,0
56,35,91,2163,0
46,48,94,2164,0
52,51,103,2165,0
45,50,95,2166,0
51,32,83,2167,0
60,61,121,2168,0
46,45,91,2169,0
55,43,98,2170,0
55,44,99,2171,0
64,46,110,2172,0
51,49,100,2173,0
60,49,109,2174,0
49,32,81,2175,0
53,43,96,2176,0
55,55,110,2177,0
56,40,96,2178,0
46,53,99,2179,0
46,42,88,2180,0
54,54,108,2181,0
59,42,101,2182,0
62,53,115,2183,0
49,46,95,2184,0
55,60,115,2185,0
45,31,76,2186,0
52,42,94,2187,0
55,44,99,2188,0
47,43,90,2189,0
58,46,104,2190,0
57,44,101,2191,0
69,60,129,2192,0
45,45,90,2193,0
45,50,95,2194,0
54,41,95,2195,0
49,44,93,2196,0
61,44,105,2197,0
64,48,112,2198,0
64,56,120,2199,0
32,45,77,2200,0
59,53,112,2201,0
42,51,93,2202,0
42,36,78,2203,0
61,50,111,2204,0
36,47,83,2205,0
51,48,99,2206,0
52,48,100,2207,0
52,35,87,2208,0
55,50,105,2209,0
48,41,89,2210,0
47,44,91,2211,0
50,45,95,2212,0
51,42,93,2213,0
50,59,109,2214,0
52,37,89,2215,0
54,57,111,2216,0
58,56,114,2217,0
47,43,90,2218,0
51,43,94,2219,0
59,56,115,2220,0
51,44,95,2221,0
63,47,110,2222,0
41,40,81,2223,0
51,50,101,2224,0
52,51,103,2225,0
51,54,105,2226,0
46,37,83,2227,0
56,45,101,2228,0
57,48,105,2229,0
68,58,126,2230,0
42,37,79,2231,0
41,36,77,2232,0
52,43,95,2233,0
42,36,78,2234,0
56,39,95,2235,0
41,42,83,2236,0
46,45,91,2237,0
50,53,103,2238,0
47,38,85,2239,0
59,54,113,2240,0
49,46,95,2241,0
56,52,108,2242,0
45,36,81,2243,0
57,57,114,2244,0
53,55,108,2245,0
41,44,85,2246,0
56,57,113,2247,0
57,45,102,2248,0
49,46,95,2249,0
45,44,89,2250,0
52,47,99,2251,0
47,35,82,2252,0
67,53,120,2253,0
50,39,89,2254,0
42,52,94,2255,0
39,36,75,2256,0
51,62,113,2257,0
56,37,93,2258,0
60,49,109,2259,0
54,39,93,2260,0
46,40,86,2261,0
65,48,113,2262,0
58,41,99,2263,0
46,34,80,2264,0
48,45,93,2265,0
52,41,93,2266,0
55,54,109,2267,0
50,43,93,2268,0
58,43,101,2269,0
50,42,92,2270,0
51,49,100,2271,0
58,63,121,2272,0
49,43,92,2273,0
48,47,95,2274,0
61,42,103,2275,0
44,35,79,2276,0
36,32,68,2277,0
51,58,109,2278,0
50,37,87,2279,0
41,40,81,2280,0
63,41,104,2281,0
48,48,96,2282,0
63,52,115,2283,0
62,39,101,2284,0
47,42,89,2285,0
54,49,103,2286,0
57,39,96,2287,0
50,54,104,2288,0
54,41,95,2289,0
54,36,90,2290,0
41,41,82,2291,0
50,50,100,2292,0
44,57,101,2293,0
60,60,120,2294,0
48,46,94,2295,0
44,49,93,2296,0
53,47,100,2297,0
51,50,101,2298,0
45,48,93,2299,0
51,47,98,2300,0
48,40,88,2301,0
63,61,124,2302,0
57,50,107,2303,0
53,48,101,2304,0
59,46,105,2305,0
42,34,76,2306,0
47,32,79,2307,0
55,48,103,2308,0
50,29,79,2309,0
54,41,95,2310,0
50,50,100,2311,0
55,53,108,2312,0
64,52,116,2313,0
56,48,104,2314,0
55,37,92,2315,0
63,65,128,2316,0
61,45,106,2317,0
61,56,117,2318,0
47,44,91,2319,0
46,35,81,2320,0
50,51,101,2321,0
58,46,104,2322,0
42,41,83,2323,0
43,43,86,2324,0
25,39,64,2325,0
55,54,109,2326,0
54,49,103,2327,0
59,44,103,2328,0
45,40,85,2329,0
52,45,97,2330,0
49,34,83,2331,0
63,43,106,2332,0
48,46,94,2333,0
46,42,88,2334,0
53,58,111,2335,0
46,41,87,2336,0
55,40,95,2337,0
56,48,104,2338,0
57,47,104,2339,0
48,40,88,2340,0
41,39,80,2341,0
46,42,88,2342,0
65,52,117,2343,0
50,36,86,2344,0
60,60,120,2345,0
45,39,84,2346,0
51,47,98,2347,0
57,47,104,2348,0
37,31,68,2349,0
46,46,92,2350,0
51,41,92,2351,0
52,54,106,2352,0
53,44,97,2353,0
47,60,107,2354,0
52,38,90,2355,0
44,63,107,2356,0
57,58,115,2357,0
44,45,89,2358,0
51,51,102,2359,0
44,33,77,2360,0
63,55,118,2361,0
44,44,88,2362,0
54,59,113,2363,0
61,41,102,2364,0
47,44,91,2365,0
47,51,98,2366,0
52,51,103,2367,0
52,39,91,2368,0
44,49,93,2369,0
64,49,113,2370,0
66,31,97,2371,0
47,56,103,2372,0
60,52,112,2373,0
58,47,105,2374,0
52,53,105,2375,0
39,47,86,2376,0
53,50,103,2377,0
48,52,100,2378,0
57,45,102,2379,0
53,43,96,2380,0
54,34,88,2381,0
54,50,104,2382,0
50,51,101,2383,0
44,44,88,2384,0
55,47,102,2385,0
55,58,113,2386,0
47,35,82,2387,0
50,44,94,2388,0
46,35,81,2389,0
54,34,88,2390,0
52,45,97,2391,0
53,44,97,2392,0
49,35,84,2393,0
52,47,99,2394,0
52,49,101,2395,0
45,44,89,2396,0
50,51,101,2397,0
45,27,72,2398,0
60,48,108,2399,0
63,47,110,2400,0
59,40,99,2401,0
51,43,94,2402,0
47,50,97,2403,0
42,32,74,2404,0
56,55,111,2405,0
56,42,98,2406,0
56,67,123,2407,0
48,44,92,2408,0
41,36,77,2409,0
51,34,85,2410,0
50,35,85,2411,0
46,38,84,2412,0
54,49,103,2413,0
43,38,81,2414,0
54,57,111,2415,0
53,49,102,2416,0
60,50,110,2417,0
55,46,101,2418,0
60,49,109,2419,0
57,51,108,2420,0
60,54,114,2421,0
52,39,91,2422,0
59,45,104,2423,0
62,53,115,2424,0
42,37,79,2425,0
66,55,121,2426,0
59,47,106,2427,0
52,46,98,2428,0
48,45,93,2429,0
59,46,105,2430,0
49,44,93,2431,0
48,44,92,2432,0
66,54,120,2433,0
45,51,96,2434,0
49,45,94,2435,0
51,59,110,2436,0
57,58,115,2437,0
45,46,91,2438,0
50,48,98,2439,0
36,40,76,2440,0
49,44,93,2441,0
52,50,102,2442,0
48,40,88,2443,0
58,41,99,2444,0
55,49,104,2445,0
51,53,104,2446,0
51,40,91,2447,0
52,41,93,2448,0
53,40,93,2449,0
49,46,95,2450,0
38,50,88,2451,0
51,43,94,2452,0
52,45,97,2453,0
48,42,90,2454,0
49,54,103,2455,0
58,44,102,2456,0
58,39,97,2457,0
48,40,88,2458,0
55,64,119,2459,0
55,53,108,2460,0
51,47,98,2461,0
56,55,111,2462,0
54,56,110,2463,0
48,54,102,2464,0
53,44,97,2465,0
49,40,89,2466,0
51,45,96,2467,0
55,52,107,2468,0
58,49,107,2469,0
45,39,84,2470,0
54,38,92,2471,0
54,51,105,2472,0
47,36,83,2473,0
53,43,96,2474,0
54,39,93,2475,0
54,41,95,2476,0
49,41,90,2477,0
54,38,92,2478,0
50,35,85,2479,0
55,49,104,2480,0
50,44,94,2481,0
49,56,105,2482,0
59,50,109,2483,0
56,55,111,2484,0
56,46,102,2485,0
55,57,112,2486,0
46,50,96,2487,0
47,38,85,2488,0
53,40,93,2489,0
51,47,98,2490,0
43,35,78,2491,0
63,37,100,2492,0
50,44,94,2493,0
44,55,99,2494,0
54,46,100,2495,0
46,53,99,2496,0
58,63,121,2497,0
59,45,104,2498,0
55,47,102,2499,0
57,55,112,2500,0
44,42,86,2501,0
54,57,111,2502,0
59,54,113,2503,0
54,52,106,2504,0
57,46,103,2505,0
41,48,89,2506,0
55,49,104,2507,0
41,37,78,2508,0
45,39,84,2509,0
46,41,87,2510,0
61,47,108,2511,0
58,55,113,2512,0
63,47,110,2513,0
35,38,73,2514,0
55,44,99,2515,0
64,57,121,2516,0
33,36,69,2517,0
52,44,96,2518,0
68,58,126,2519,0
54,47,101,2520,0
46,45,91,2521,0
46,34,80,2522,0
54,65,119,2523,0
46,30,76,2524,0
57,39,96,2525,0
53,48,101,2526,0
46,38,84,2527,0
58,43,101,2528,0
60,47,107,2529,0
45,41,86,2530,0
51,50,101,2531,0
46,33,79,2532,0
56,41,97,2533,0
52,45,97,2534,0
43,47,90,2535,0
48,53,101,2536,0
58,48,106,2537,0
50,45,95,2538,0
50,54,104,2539,0
59,42,101,2540,0
57,53,110,2541,0
46,43,89,2542,0
53,47,100,2543,0
43,44,87,2544,0
56,45,101,2545,0
51,58,109,2546,0
55,48,103,2547,0
56,55,111,2548,0
42,37,79,2549,0
33,50,83,2550,0
49,58,107,2551,0
50,55,105,2552,0
53,37,90,2553,0
45,35,80,2554,0
57,48,105,2555,0
40,41,81,2556,0
57,51,108,2557,0
65,35,100,2558,0
50,41,91,2559,0
49,29,78,2560,0
45,51,96,2561,0
38,44,82,2562,0
56,53,109,2563,0
45,37,82,2564,0
52,66,118,2565,0
54,45,99,2566,0
37,38,75,2567,0
43,39,82,2568,0
58,38,96,2569,0
63,48,111,2570,0
52,42,94,2571,0
59,35,94,2572,0
46,30,76,2573,0
63,49,112,2574,0
52,31,83,2575,0
59,51,110,2576,0
63,54,117,2577,0
59,52,111,2578,0
46,50,96,2579,0
48,51,99,2580,0
39,40,79,2581,0
37,47,84,2582,0
51,60,111,2583,0
56,42,98,2584,0
50,43,93,2585,0
51,38,89,2586,0
46,28,74,2587,0
52,47,99,2588,0
60,54,114,2589,0
63,63,126,2590,0
55,49,104,2591,0
55,51,106,2592,0
41,41,82,2593,0
51,50,101,2594,0
49,41,90,2595,0
51,39,90,2596,0
49,44,93,2597,0
53,46,99,2598,0
46,53,99,2599,0
62,51,113,2600,0
47,43,90,2601,0
51,47,98,2602,0
53,54,107,2603,0
40,42,82,2604,0
57,43,100,2605,0
55,49,104,2606,0
41,48,89,2607,0
58,48,106,2608,0
51,37,88,2609,0
49,41,90,2610,0
42,29,71,2611,0
40,50,90,2612,0
51,48,99,2613,0
52,52,104,2614,0
44,53,97,2615,0
49,60,109,2616,0
48,64,112,2617,0
49,56,105,2618,0
59,49,108,2619,0
53,48,101,2620,0
57,35,92,2621,0
43,45,88,2622,0
52,46,98,2623,0
59,59,118,2624,0
48,53,101,2625,0
48,52,100,2626,0
47,41,88,2627,0
44,47,91,2628,0
54,44,98,2629,0
50,48,98,2630,0
38,42,80,2631,0
40,51,91,2632,0
57,57,114,2633,0
58,44,102,2634,0
61,65,126,2635,0
56,42,98,2636,0
49,51,100,2637,0
58,63,121,2638,0
58,53,111,2639,0
59,51,110,2640,0
46,27,73,2641,0
46,52,98,2642,0
57,47,104,2643,0
57,48,105,2644,0
59,32,91,2645,0
46,43,89,2646,0
44,46,90,2647,0
45,39,84,2648,0
47,47,94,2649,0
59,68,127,2650,0
56,49,105,2651,0
49,44,93,2652,0
48,47,95,2653,0
53,37,90,2654,0
61,45,106,2655,0
43,47,90,2656,0
54,45,99,2657,0
51,58,109,2658,0
45,31,76,2659,0
54,47,101,2660,0
48,46,94,2661,0
38,34,72,2662,0
65,44,109,2663,0
64,48,112,2664,0
39,29,68,2665,0
56,39,95,2666,0
52,58,110,2667,0
55,47,102,2668,0
41,42,83,2669,0
55,41,96,2670,0
56,51,107,2671,0
36,45,81,2672,0
49,47,96,2673,0
59,48,107,2674,0
54,43,97,2675,0
51,38,89,2676,0
41,49,90,2677,0
51,39,90,2678,0
47,41,88,2679,0
47,47,94,2680,0
64,52,116,2681,0
58,48,106,2682,0
36,40,76,2683,0
64,54,118,2684,0
52,52,104,2685,0
48,49,97,2686,0
41,47,88,2687,0
45,43,88,2688,0
49,39,88,2689,0
50,47,97,2690,0
50,50,100,2691,0
43,42,85,2692,0
53,45,98,2693,0
48,52,100,2694,0
59,40,99,2695,0
61,57,118,2696,0
44,47,91,2697,0
48,49,97,2698,0
63,54,117,2699,0
50,47,97,2700,0
57,51,108,2701,0
58,44,102,2702,0
50,47,97,2703,0
52,46,98,2704,0
62,45,107,2705,0
48,39,87,2706,0
52,44,96,2707,0
42,33,75,2708,0
49,46,95,2709,0
62,57,119,2710,0
52,51,103,2711,0
44,49,93,2712,0
53,54,107,2713,0
45,40,85,2714,0
42,44,86,2715,0
41,31,72,2716,0
48,46,94,2717,0
55,52,107,2718,0
48,44,92,2719,0
54,39,93,2720,0
66,48,114,2721,0
61,48,109,2722,0
46,51,97,2723,0
57,48,105,2724,0
60,53,113,2725,0
46,44,90,2726,0
41,42,83,2727,0
55,49,104,2728,0
38,33,71,2729,0
46,36,82,2730,0
54,46,100,2731,0
53,58,111,2732,0
57,45,102,2733,0
62,47,109,2734,0
47,46,93,2735,0
47,46,93,2736,0
43,29,72,2737,0
45,37,82,2738,0
45,32,77,2739,0
56,39,95,2740,0
56,52,108,2741,0
61,45,106,2742,0
55,47,102,2743,0
51,53,104,2744,0
52,42,94,2745,0
60,54,114,2746,0
43,55,98,2747,0
55,48,103,2748,0
32,31,63,2749,0
52,41,93,2750,0
50,34,84,2751,0
62,53,115,2752,0
50,46,96,2753,0
57,47,104,2754,0
46,52,98,2755,0
53,44,97,2756,0
76,49,125,2757,0
54,50,104,2758,0
48,44,92,2759,0
44,42,86,2760,0
48,42,90,2761,0
50,55,105,2762,0
58,46,104,2763,0
54,43,97,2764,0
52,48,100,2765,0
43,44,87,2766,0
53,46,99,2767,0
41,42,83,2768,0
58,39,97,2769,0
60,47,107,2770,0
54,54,108,2771,0
40,53,93,2772,0
62,46,108,2773,0
56,43,99,2774,0
37,35,72,2775,0
38,42,80,2776,0
45,44,89,2777,0
39,43,82,2778,0
60,44,104,2779,0
50,35,85,2780,0
48,33,81,2781,0
53,57,110,2782,0
48,57,105,2783,0
53,51,104,2784,0
56,34,90,2785,0
54,46,100,2786,0
38,35,73,2787,0
52,45,97,2788,0
49,44,93,2789,0
50,43,93,2790,0
63,51,114,2791,0
59,42,101,2792,0
49,53,102,2793,0
46,52,98,2794,0
55,43,98,2795,0
68,40,108,2796,0
51,41,92,2797,0
51,47,98,2798,0
54,44,98,2799,0
56,52,108,2800,0
46,34,80,2801,0
56,46,102,2802,0
56,46,102,2803,0
51,46,97,2804,0
54,59,113,2805,0
48,46,94,2806,0
47,55,102,2807,0
57,46,103,2808,0
43,43,86,2809,0
50,50,100,2810,0
42,33,75,2811,0
51,54,105,2812,0
48,42,90,2813,0
59,46,105,2814,0
45,46,91,2815,0
53,50,103,2816,0
40,44,84,2817,0
49,38,87,2818,0
54,41,95,2819,0
52,46,98,2820,0
47,40,87,2821,0
49,43,92,2822,0
51,34,85,2823,0
50,51,101,2824,0
66,52,118,2825,0
53,50,103,2826,0
52,47,99,2827,0
39,41,80,2828,0
54,43,97,2829,0
42,35,77,2830,0
51,44,95,2831,0
51,40,91,2832,0
54,42,96,2833,0
62,45,107,2834,0
34,38,72,2835,0
54,48,102,2836,0
56,52,108,2837,0
49,48,97,2838,0
53,43,96,2839,0
58,42,100,2840,0
49,43,92,2841,0
48,51,99,2842,0
51,47,98,2843,0
40,42,82,2844,0
65,47,112,2845,0
56,50,106,2846,0
49,41,90,2847,0
52,38,90,2848,0
48,40,88,2849,0
57,52,109,2850,0
53,44,97,2851,0
49,38,87,2852,0
53,56,109,2853,0
53,44,97,2854,0
43,34,77,2855,0
48,41,89,2856,0
65,52,117,2857,0
60,44,104,2858,0
57,55,112,2859,0
48,56,104,2860,0
68,52,120,2861,0
49,53,102,2862,0
50,39,89,2863,0
40,29,69,2864,0
53,53,106,2865,0
40,48,88,2866,0
56,46,102,2867,0
53,50,103,2868,0
58,31,89,2869,0
49,47,96,2870,0
49,38,87,2871,0
57,48,105,2872,0
38,44,82,2873,0
50,50,100,2874,0
64,53,117,2875,0
53,53,106,2876,0
47,32,79,2877,0
60,43,103,2878,0
48,53,101,2879,0
49,46,95,2880,0
60,54,114,2881,0
56,36,92,2882,0
45,50,95,2883,0
43,39,82,2884,0
51,53,104,2885,0
47,43,90,2886,0
39,39,78,2887,0
55,42,97,2888,0
52,43,95,2889,0
51,53,104,2890,0
59,44,103,2891,0
58,55,113,2892,0
47,54,101,2893,0
47,41,88,2894,0
44,41,85,2895,0
63,39,102,2896,0
53,47,100,2897,0
39,31,70,2898,0
61,45,106,2899,0
53,57,110,2900,0
39,38,77,2901,0
53,55,108,2902,0
39,46,85,2903,0
53,45,98,2904,0
50,54,104,2905,0
58,46,104,2906,0
56,47,103,2907,0
64,57,121,2908,0
51,58,109,2909,0
61,38,99,2910,0
59,45,104,2911,0
47,42,89,2912,0
59,59,118,2913,0
59,44,103,2914,0
51,56,107,2915,0
49,43,92,2916,0
43,44,87,2917,0
50,48,98,2918,0
51,38,89,2919,0
53,33,86,2920,0
65,45,110,2921,0
44,37,81,2922,0
48,35,83,2923,0
53,51,104,2924,0
48,41,89,2925,0
48,42,90,2926,0
53,47,100,2927,0
62,36,98,2928,0
39,45,84,2929,0
55,40,95,2930,0
50,57,107,2931,0
55,40,95,2932,0
50,41,91,2933,0
52,44,96,2934,0
54,55,109,2935,0
42,49,91,2936,0
49,48,97,2937,0
43,37,80,2938,0
60,60,120,2939,0
47,43,90,2940,0
37,34,71,2941,0
50,52,102,2942,0
51,47,98,2943,0
54,45,99,2944,0
48,38,86,2945,0
48,45,93,2946,0
52,48,100,2947,0
56,51,107,2948,0
52,44,96,2949,0
43,48,91,2950,0
53,52,105,2951,0
52,50,102,2952,0
58,46,104,2953,0
59,54,113,2954,0
53,54,107,2955,0
50,49,99,2956,0
54,50,104,2957,0
57,47,104,2958,0
61,43,104,2959,0
46,43,89,2960,0
58,49,107,2961,0
54,47,101,2962,0
58,35,93,2963,0
60,52,112,2964,0
53,47,100,2965,0
61,64,125,2966,0
44,41,85,2967,0
48,56,104,2968,0
38,28,66,2969,0
56,36,92,2970,0
53,38,91,2971,0
55,47,102,2972,0
54,51,105,2973,0
50,53,103,2974,0
45,39,84,2975,0
59,38,97,2976,0
50,43,93,2977,0
59,48,107,2978,0
47,44,91,2979,0
54,61,115,2980,0
52,46,98,2981,0
56,47,103,2982,0
60,46,106,2983,0
48,38,86,2984,0
55,42,97,2985,0
53,38,91,2986,0
50,47,97,2987,0
49,50,99,2988,0
55,47,102,2989,0
54,59,113,2990,0
45,25,70,2991,0
64,49,113,2992,0
39,45,84,2993,0
62,49,111,2994,0
50,39,89,2995,0
47,42,89,2996,0
42,44,86,2997,0
54,57,111,2998,0
57,46,103,2999,0
45,51,96,3000,0
46,44,90,3001,0
52,24,76,3002,0
51,44,95,3003,0
57,48,105,3004,0
53,27,80,3005,0
47,41,88,3006,0
51,42,93,3007,0
52,59,111,3008,0
52,40,92,3009,0
56,51,107,3010,0
49,42,91,3011,0
53,38,91,3012,0
55,48,103,3013,0
49,67,116,3014,0
45,50,95,3015,0
41,36,77,3016,0
53,49,102,3017,0
45,39,84,3018,0
41,31,72,3019,0
54,58,112,3020,0
40,34,74,3021,0
51,49,100,3022,0
57,35,92,3023,0
44,38,82,3024,0
48,42,90,3025,0
57,50,107,3026,0
53,50,103,3027,0
57,62,119,3028,0
53,50,103,3029,0
51,56,107,3030,0
66,63,129,3031,0
50,33,83,3032,0
54,47,101,3033,0
41,43,84,3034,0
50,57,107,3035,0
44,41,85,3036,0
48,42,90,3037,0
52,47,99,3038,0
48,36,84,3039,0
42,45,87,3040,0
56,45,101,3041,0
56,42,98,3042,0
57,45,102,3043,0
55,46,101,3044,0
54,46,100,3045,0
54,44,98,3046,0
48,37,85,3047,0
53,47,100,3048,0
67,51,118,3049,0
53,40,93,3050,0
55,50,105,3051,0
47,34,81,3052,0
60,46,106,3053,0
68,49,117,3054,0
54,35,89,3055,0
48,42,90,3056,0
51,54,105,3057,0
52,46,98,3058,0
56,48,104,3059,0
54,41,95,3060,0
55,48,103,3061,0
51,39,90,3062,0
40,43,83,3063,0
61,60,121,3064,0
37,40,77,3065,0
48,54,102,3066,0
53,45,98,3067,0
54,32,86,3068,0
48,42,90,3069,0
63,44,107,3070,0
53,34,87,3071,0
47,45,92,3072,0
62,65,127,3073,0
55,54,109,3074,0
46,48,94,3075,0
56,41,97,3076,0
48,43,91,3077,0
62,31,93,3078,0
59,50,109,3079,0
49,55,104,3080,0
59,49,108,3081,0
60,53,113,3082,0
50,46,96,3083,0
63,50,113,3084,0
48,40,88,3085,0
49,40,89,3086,0
61,48,109,3087,0
43,42,85,3088,0
57,50,107,3089,0
48,48,96,3090,0
49,35,84,3091,0
55,53,108,3092,0
58,57,115,3093,0
56,54,110,3094,0
49,54,103,3095,0
53,54,107,3096,0
50,45,95,3097,0
62,46,108,3098,0
47,48,95,3099,0
57,44,101,3100,0
50,35,85,3101,0
49,33,82,3102,0
50,40,90,3103,0
59,42,101,3104,0
50,50,100,3105,0
49,57,106,3106,0
59,43,102,3107,0
62,58,120,3108,0
48,51,99,3109,0
45,35,80,3110,0
52,58,110,3111,0
51,41,92,3112,0
57,49,106,3113,0
57,54,111,3114,0
46,50,96,3115,0
56,44,100,3116,0
50,57,107,3117,0
47,38,85,3118,0
52,48,100,3119,0
57,49,106,3120,0
59,65,124,3121,0
48,53,101,3122,0
63,37,100,3123,0
51,41,92,3124,0
63,37,100,3125,0
47,42,89,3126,0
40,42,82,3127,0
53,49,102,3128,0
46,42,88,3129,0
48,47,95,3130,0
47,40,87,3131,0
47,47,94,3132,0
54,59,113,3133,0
42,46,88,3134,0
49,47,96,3135,0
49,43,92,3136,0
44,50,94,3137,0
46,53,99,3138,0
45,45,90,3139,0
50,36,86,3140,0
41,29,70,3141,0
51,49,100,3142,0
56,61,117,3143,0
50,58,108,3144,0
37,43,80,3145,0
51,46,97,3146,0
55,36,91,3147,0
55,43,98,3148,0
59,49,108,3149,0
53,50,103,3150,0
46,43,89,3151,0
51,45,96,3152,0
43,41,84,3153,0
40,38,78,3154,0
50,56,106,3155,0
55,42,97,3156,0
40,32,72,3157,0
51,31,82,3158,0
57,54,111,3159,0
63,67,130,3160,0
54,43,97,3161,0
50,44,94,3162,0
45,42,87,3163,0
57,53,110,3164,0
56,47,103,3165,0
55,49,104,3166,0
46,47,93,3167,0
52,44,96,3168,0
50,43,93,3169,0
50,43,93,3170,0
52,40,92,3171,0
44,49,93,3172,0
51,53,104,3173,0
39,48,87,3174,0
45,49,94,3175,0
49,41,90,3176,0
61,41,102,3177,0
49,45,94,3178,0
56,41,97,3179,0
43,37,80,3180,0
50,47,97,3181,0
51,48,99,3182,0
54,44,98,3183,0
44,41,85,3184,0
53,48,101,3185,0
52,42,94,3186,0
55,52,107,3187,0
47,48,95,3188,0
52,44,96,3189,0
52,45,97,3190,0
59,49,108,3191,0
43,43,86,3192,0
47,65,112,3193,0
40,48,88,3194,0
60,37,97,3195,0
53,39,92,3196,0
51,47,98,3197,0
59,56,115,3198,0
58,37,95,3199,0
51,30,81,3200,0
46,36,82,3201,0
50,33,83,3202,0
62,60,122,3203,0
42,39,81,3204,0
55,52,107,3205,0
52,48,100,3206,0
62,48,110,3207,0
42,51,93,3208,0
58,51,109,3209,0
63,47,110,3210,0
47,48,95,3211,0
49,38,87,3212,0
48,46,94,3213,0
50,33,83,3214,0
48,49,97,3215,0
44,48,92,3216,0
54,49,103,3217,0
56,48,104,3218,0
52,48,100,3219,0
57,44,101,3220,0
58,46,104,3221,0
48,49,97,3222,0
63,56,119,3223,0
59,39,98,3224,0
56,50,106,3225,0
53,45,98,3226,0
44,42,86,3227,0
50,38,88,3228,0
41,43,84,3229,0
41,34,75,3230,0
40,34,74,3231,0
58,43,101,3232,0
54,46,100,3233,0
55,63,118,3234,0
56,64,120,3235,0
57,54,111,3236,0
53,44,97,3237,0
46,46,92,3238,0
54,41,95,3239,0
57,37,94,3240,0
55,53,108,3241,0
45,44,89,3242,0
50,46,96,3243,0
41,41,82,3244,0
52,51,103,3245,0
55,48,103,3246,0
58,55,113,3247,0
50,39,89,3248,0
57,45,102,3249,0
47,52,99,3250,0
48,46,94,3251,0
45,29,74,3252,0
54,47,101,3253,0
54,50,104,3254,0
35,39,74,3255,0
52,34,86,3256,0
41,52,93,3257,0
45,33,78,3258,0
59,63,122,3259,0
53,51,104,3260,0
54,40,94,3261,0
37,52,89,3262,0
53,46,99,3263,0
60,54,114,3264,0
51,51,102,3265,0
46,42,88,3266,0
52,35,87,3267,0
46,40,86,3268,0
59,45,104,3269,0
49,41,90,3270,0
58,36,94,3271,0
44,38,82,3272,0
59,54,113,3273,0
49,40,89,3274,0
46,38,84,3275,0
60,49,109,3276,0
43,48,91,3277,0
41,50,91,3278,0
53,50,103,3279,0
53,40,93,3280,0
55,41,96,3281,0
41,38,79,3282,0
52,46,98,3283,0
46,37,83,3284,0
49,52,101,3285,0
54,54,108,3286,0
49,40,89,3287,0
63,52,115,3288,0
67,45,112,3289,0
51,46,97,3290,0
60,50,110,3291,0
44,47,91,3292,0
42,54,96,3293,0
54,50,104,3294,0
57,53,110,3295,0
45,46,91,3296,0
44,43,87,3297,0
47,50,97,3298,0
55,52,107,3299,0
48,45,93,3300,0
55,40,95,3301,0
52,32,84,3302,0
60,48,108,3303,0
45,30,75,3304,0
45,42,87,3305,0
58,47,105,3306,0
60,44,104,3307,0
59,57,116,3308,0
45,43,88,3309,0
46,38,84,3310,0
56,45,101,3311,0
47,38,85,3312,0
53,43,96,3313,0
54,45,99,3314,0
50,42,92,3315,0
52,53,105,3316,0
51,40,91,3317,0
43,36,79,3318,0
47,40,87,3319,0
47,49,96,3320,0
43,39,82,3321,0
42,48,90,3322,0
54,36,90,3323,0
63,64,127,3324,0
52,40,92,3325,0
46,39,85,3326,0
55,58,113,3327,0
49,47,96,3328,0
62,40,102,3329,0
42,28,70,3330,0
62,64,126,3331,0
49,49,98,3332,0
63,44,107,3333,0
54,47,101,3334,0
54,47,101,3335,0
46,42,88,3336,0
62,49,111,3337,0
53,47,100,3338,0
54,40,94,3339,0
48,55,103,3340,0
60,50,110,3341,0
66,57,123,3342,0
41,29,70,3343,0
53,47,100,3344,0
59,52,111,3345,0
53,59,112,3346,0
34,32,66,3347,0
62,45,107,3348,0
56,52,108,3349,0
57,47,104,3350,0
50,47,97,3351,0
54,51,105,3352,0
55,53,108,3353,0
45,59,104,3354,0
50,40,90,3355,0
41,32,73,3356,0
48,40,88,3357,0
59,35,94,3358,0
52,44,96,3359,0
60,45,105,3360,0
42,42,84,3361,0
51,45,96,3362,0
59,52,111,3363,0
50,42,92,3364,0
46,45,91,3365,0
45,46,91,3366,0
35,36,71,3367,0
54,52,106,3368,0
54,53,107,3369,0
63,48,111,3370,0
67,49,116,3371,0
42,41,83,3372,0
53,51,104,3373,0
60,51,111,3374,0
54,43,97,3375,0
54,40,94,3376,0
56,57,113,3377,0
54,52,106,3378,0
43,58,101,3379,0
44,40,84,3380,0
57,38,95,3381,0
61,47,108,3382,0
50,53,103,3383,0
58,44,102,3384,0
63,45,108,3385,0
54,48,102,3386,0
40,49,89,3387,0
41,42,83,3388,0
61,43,104,3389,0
52,48,100,3390,0
52,48,100,3391,0
52,36,88,3392,0
38,34,72,3393,0
51,41,92,3394,0
47,58,105,3395,0
47,60,107,3396,0
43,52,95,3397,0
40,40,80,3398,0
46,49,95,3399,0
46,42,88,3400,0
57,42,99,3401,0
60,51,111,3402,0
46,41,87,3403,0
41,31,72,3404,0
46,40,86,3405,0
42,39,81,3406,0
48,42,90,3407,0
63,45,108,3408,0
49,42,91,3409,0
46,49,95,3410,0
57,52,109,3411,0
51,31,82,3412,0
50,46,96,3413,0
39,47,86,3414,0
57,50,107,3415,0
51,44,95,3416,0
66,52,118,3417,0
54,46,100,3418,0
59,56,115,3419,0
49,35,84,3420,0
65,54,119,3421,0
64,52,116,3422,0
42,25,67,3423,0
61,55,116,3424,0
46,58,104,3425,0
58,59,117,3426,0
51,32,83,3427,0
61,45,106,3428,0
51,50,101,3429,0
54,59,113,3430,0
54,31,85,3431,0
54,41,95,3432,0
51,41,92,3433,0
59,50,109,3434,0
43,40,83,3435,0
51,49,100,3436,0
49,51,100,3437,0
41,37,78,3438,0
46,40,86,3439,0
47,53,100,3440,0
52,43,95,3441,0
52,42,94,3442,0
52,45,97,3443,0
51,54,105,3444,0
39,42,81,3445,0
52,52,104,3446,0
48,40,88,3447,0
55,49,104,3448,0
41,54,95,3449,0
42,40,82,3450,0
44,47,91,3451,0
43,35,78,3452,0
58,52,110,3453,0
52,36,88,3454,0
42,37,79,3455,0
41,42,83,3456,0
59,45,104,3457,0
59,48,107,3458,0
52,43,95,3459,0
57,47,104,3460,0
45,45,90,3461,0
51,60,111,3462,0
53,34,87,3463,0
52,59,111,3464,0
36,56,92,3465,0
43,40,83,3466,0
56,50,106,3467,0
49,53,102,3468,0
49,47,96,3469,0
45,43,88,3470,0
55,54,109,3471,0
34,30,64,3472,0
54,34,88,3473,0
47,46,93,3474,0
52,46,98,3475,0
57,43,100,3476,0
46,50,96,3477,0
53,42,95,3478,0
51,61,112,3479,0
54,45,99,3480,0
45,50,95,3481,0
42,56,98,3482,0
54,53,107,3483,0
61,46,107,3484,0
51,42,93,3485,0
53,46,99,3486,0
58,42,100,3487,0
62,55,117,3488,0
70,51,121,3489,0
47,52,99,3490,0
53,51,104,3491,0
54,48,102,3492,0
42,46,88,3493,0
47,44,91,3494,0
58,48,106,3495,0
46,41,87,3496,0
51,56,107,3497,0
40,45,85,3498,0
48,49,97,3499,0
52,40,92,3500,0
65,46,111,3501,0
58,49,107,3502,0
59,53,112,3503,0
57,38,95,3504,0
45,33,78,3505,0
54,59,113,3506,0
50,51,101,3507,0
53,53,106,3508,0
55,44,99,3509,0
55,50,105,3510,0
52,37,89,3511,0
39,37,76,3512,0
47,46,93,3513,0
52,42,94,3514,0
63,60,123,3515,0
45,39,84,3516,0
53,43,96,3517,0
41,42,83,3518,0
57,49,106,3519,0
51,41,92,3520,0
56,40,96,3521,0
56,56,112,3522,0
66,57,123,3523,0
60,41,101,3524,0
59,54,113,3525,0
60,45,105,3526,0
54,45,99,3527,0
50,46,96,3528,0
48,39,87,3529,0
46,52,98,3530,0
59,55,114,3531,0
43,41,84,3532,0
59,44,103,3533,0
55,55,110,3534,0
57,38,95,3535,0
47,47,94,3536,0
60,52,112,3537,0
52,58,110,3538,0
58,50,108,3539,0
60,60,120,3540,0
56,36,92,3541,0
36,50,86,3542,0
35,46,81,3543,0
54,52,106,3544,0
45,56,101,3545,0
59,34,93,3546,0
45,36,81,3547,0
46,53,99,3548,0
53,56,109,3549,0
60,54,114,3550,0
44,39,83,3551,0
57,43,100,3552,0
53,53,106,3553,0
54,43,97,3554,0
53,37,90,3555,0
56,43,99,3556,0
55,49,104,3557,0
67,48,115,3558,0
61,40,101,3559,0
58,51,109,3560,0
54,44,98,3561,0
47,33,80,3562,0
53,50,103,3563,0
56,46,102,3564,0
57,45,102,3565,0
53,46,99,3566,0
58,46,104,3567,0
58,52,110,3568,0
60,47,107,3569,0
57,50,107,3570,0
54,45,99,3571,0
61,52,113,3572,0
44,44,88,3573,0
56,49,105,3574,0
58,43,101,3575,0
45,32,77,3576,0
43,56,99,3577,0
51,45,96,3578,0
53,56,109,3579,0
48,56,104,3580,0
52,49,101,3581,0
54,41,95,3582,0
55,43,98,3583,0
48,45,93,3584,0
50,34,84,3585,0
62,53,115,3586,0
48,52,100,3587,0
64,45,109,3588,0
44,39,83,3589,0
48,49,97,3590,0
51,39,90,3591,0
57,46,103,3592,0
53,51,104,3593,0
57,43,100,3594,0
55,38,93,3595,0
54,49,103,3596,0
58,54,112,3597,0
52,53,105,3598,0
50,55,105,3599,0
47,49,96,3600,0
47,45,92,3601,0
56,43,99,3602,0
54,50,104,3603,0
48,33,81,3604,0
58,43,101,3605,0
56,39,95,3606,0
57,49,106,3607,0
50,45,95,3608,0
45,42,87,3609,0
48,56,104,3610,0
52,55,107,3611,0
53,45,98,3612,0
56,38,94,3613,0
51,46,97,3614,0
60,44,104,3615,0
49,39,88,3616,0
52,39,91,3617,0
44,53,97,3618,0
46,52,98,3619,0
52,43,95,3620,0
55,42,97,3621,0
48,51,99,3622,0
54,63,117,3623,0
55,44,99,3624,0
53,43,96,3625,0
42,36,78,3626,0
55,38,93,3627,0
43,47,90,3628,0
45,64,109,3629,0
45,42,87,3630,0
43,53,96,3631,0
46,32,78,3632,0
45,30,75,3633,0
51,46,97,3634,0
48,46,94,3635,0
41,39,80,3636,0
49,48,97,3637,0
53,47,100,3638,0
59,47,106,3639,0
68,56,124,3640,0
53,44,97,3641,0
41,39,80,3642,0
51,45,96,3643,0
60,46,106,3644,0
54,33,87,3645,0
41,43,84,3646,0
44,51,95,3647,0
52,43,95,3648,0
43,44,87,3649,0
61,49,110,3650,0
58,37,95,3651,0
47,35,82,3652,0
53,50,103,3653,0
53,46,99,3654,0
65,41,106,3655,0
57,54,111,3656,0
56,45,101,3657,0
54,48,102,3658,0
54,31,85,3659,0
53,49,102,3660,0
65,58,123,3661,0
53,48,101,3662,0
56,57,113,3663,0
58,46,104,3664,0
53,38,91,3665,0
46,40,86,3666,0
43,43,86,3667,0
52,45,97,3668,0
48,44,92,3669,0
48,46,94,3670,0
55,49,104,3671,0
52,52,104,3672,0
48,48,96,3673,0
56,48,104,3674,0
58,38,96,3675,0
53,32,85,3676,0
58,54,112,3677,0
58,53,111,3678,0
46,42,88,3679,0
44,35,79,3680,0
56,48,104,3681,0
49,55,104,3682,0
57,46,103,3683,0
50,34,84,3684,0
52,52,104,3685,0
54,34,88,3686,0
55,54,109,3687,0
52,37,89,3688,0
44,38,82,3689,0
53,62,115,3690,0
44,51,95,3691,0
50,50,100,3692,0
46,44,90,3693,0
41,49,90,3694,0
58,48,106,3695,0
58,51,109,3696,0
48,47,95,3697,0
57,31,88,3698,0
44,52,96,3699,0
46,55,101,3700,0
42,36,78,3701,0
62,48,110,3702,0
46,50,96,3703,0
62,46,108,3704,0
47,55,102,3705,0
56,54,110,3706,0
56,62,118,3707,0
45,32,77,3708,0
58,61,119,3709,0
54,50,104,3710,0
42,43,85,3711,0
55,47,102,3712,0
53,49,102,3713,0
60,41,101,3714,0
52,63,115,3715,0
58,62,120,3716,0
49,42,91,3717,0
48,44,92,3718,0
44,40,84,3719,0
36,44,80,3720,0
42,53,95,3721,0
52,55,107,3722,0
49,45,94,3723,0
54,49,103,3724,0
53,51,104,3725,0
43,52,95,3726,0
60,45,105,3727,0
46,32,78,3728,0
37,55,92,3729,0
61,42,103,3730,0
54,58,112,3731,0
55,50,105,3732,0
43,42,85,3733,0
64,44,108,3734,0
61,42,103,3735,0
56,52,108,3736,0
58,41,99,3737,0
47,53,100,3738,0
42,45,87,3739,0
60,47,107,3740,0
49,54,103,3741,0
47,54,101,3742,0
43,59,102,3743,0
48,51,99,3744,0
47,53,100,3745,0
57,48,105,3746,0
58,52,110,3747,0
57,41,98,3748,0
56,46,102,3749,0
40,33,73,3750,0
57,39,96,3751,0
52,43,95,3752,0
53,50,103,3753,0
54,41,95,3754,0
58,49,107,3755,0
51,50,101,3756,0
52,41,93,3757,0
56,49,105,3758,0
59,49,108,3759,0
52,45,97,3760,0
69,57,126,3761,0
50,51,101,3762,0
58,53,111,3763,0
62,52,114,3764,0
48,56,104,3765,0
59,39,98,3766,0
52,39,91,3767,0
52,57,109,3768,0
48,43,91,3769,0
35,44,79,3770,0
59,53,112,3771,0
45,46,91,3772,0
57,52,109,3773,0
40,49,89,3774,0
52,48,100,3775,0
37,38,75,3776,0
52,44,96,3777,0
50,53,103,3778,0
50,50,100,3779,0
50,47,97,3780,0
57,51,108,3781,0
56,51,107,3782,0
51,48,99,3783,0
54,50,104,3784,0
47,53,100,3785,0
56,58,114,3786,0
60,54,114,3787,0
40,35,75,3788,0
50,44,94,3789,0
56,62,118,3790,0
55,51,106,3791,0
52,45,97,3792,0
61,41,102,3793,0
52,43,95,3794,0
50,38,88,3795,0
48,55,103,3796,0
46,57,103,3797,0
63,44,107,3798,0
52,38,90,3799,0
52,37,89,3800,0
47,35,82,3801,0
52,39,91,3802,0
50,32,82,3803,0
52,34,86,3804,0
58,49,107,3805,0
50,43,93,3806,0
45,44,89,3807,0
48,30,78,3808,0
62,41,103,3809,0
62,57,119,3810,0
44,41,85,3811,0
48,54,102,3812,0
48,48,96,3813,0
45,44,89,3814,0
52,48,100,3815,0
53,49,102,3816,0
61,41,102,3817,0
48,42,90,3818,0
56,44,100,3819,0
55,47,102,3820,0
50,50,100,3821,0
47,35,82,3822,0
64,57,121,3823,0
48,37,85,3824,0
53,55,108,3825,0
57,55,112,3826,0
57,59,116,3827,0
57,58,115,3828,0
53,47,100,3829,0
66,59,125,3830,0
51,49,100,3831,0
47,44,91,3832,0
54,41,95,3833,0
52,42,94,3834,0
47,53,100,3835,0
44,32,76,3836,0
57,50,107,3837,0
51,48,99,3838,0
58,38,96,3839,0
53,60,113,3840,0
44,43,87,3841,0
61,41,102,3842,0
42,52,94,3843,0
50,39,89,3844,0
54,50,104,3845,0
54,38,92,3846,0
45,50,95,3847,0
51,54,105,3848,0
51,56,107,3849,0
44,40,84,3850,0
54,45,99,3851,0
52,52,104,3852,0
58,54,112,3853,0
50,47,97,3854,0
51,35,86,3855,0
53,60,113,3856,0
53,49,102,3857,0
57,38,95,3858,0
55,56,111,3859,0
52,60,112,3860,0
54,45,99,3861,0
52,53,105,3862,0
52,57,109,3863,0
57,26,83,3864,0
49,42,91,3865,0
48,44,92,3866,0
54,55,109,3867,0
57,51,108,3868,0
57,49,106,3869,0
50,37,87,3870,0
56,51,107,3871,0
47,47,94,3872,0
57,52,109,3873,0
47,46,93,3874,0
52,45,97,3875,0
44,44,88,3876,0
57,40,97,3877,0
67,56,123,3878,0
51,45,96,3879,0
50,41,91,3880,0
64,47,111,3881,0
59,47,106,3882,0
47,46,93,3883,0
49,48,97,3884,0
53,48,101,3885,0
44,40,84,3886,0
49,45,94,3887,0
56,45,101,3888,0
67,51,118,3889,0
47,50,97,3890,0
45,42,87,3891,0
59,42,101,3892,0
47,30,77,3893,0
71,56,127,3894,0
54,41,95,3895,0
51,43,94,3896,0
53,44,97,3897,0
42,31,73,3898,0
49,35,84,3899,0
47,48,95,3900,0
48,44,92,3901,0
57,57,114,3902,0
54,60,114,3903,0
56,43,99,3904,0
65,54,119,3905,0
43,35,78,3906,0
55,57,112,3907,0
60,41,101,3908,0
50,46,96,3909,0
50,41,91,3910,0
55,54,109,3911,0
50,46,96,3912,0
53,46,99,3913,0
54,36,90,3914,0
49,56,105,3915,0
59,51,110,3916,0
54,49,103,3917,0
45,41,86,3918,0
64,61,125,3919,0
54,35,89,3920,0
56,49,105,3921,0
48,56,104,3922,0
41,45,86,3923,0
57,40,97,3924,0
41,41,82,3925,0
52,47,99,3926,0
57,42,99,3927,0
53,41,94,3928,0
36,40,76,3929,0
48,44,92,3930,0
47,41,88,3931,0
54,51,105,3932,0
51,35,86,3933,0
30,46,76,3934,0
47,44,91,3935,0
58,48,106,3936,0
56,59,115,3937,0
59,42,101,3938,0
43,49,92,3939,0
40,41,81,3940,0
62,50,112,3941,0
45,36,81,3942,0
56,38,94,3943,0
38,26,64,3944,0
40,43,83,3945,0
48,52,100,3946,0
56,40,96,3947,0
54,42,96,3948,0
61,46,107,3949,0
50,53,103,3950,0
58,40,98,3951,0
45,49,94,3952,0
43,36,79,3953,0
54,43,97,3954,0
50,56,106,3955,0
52,54,106,3956,0
48,43,91,3957,0
57,52,109,3958,0
55,49,104,3959,0
50,42,92,3960,0
50,46,96,3961,0
49,34,83,3962,0
47,49,96,3963,0
42,46,88,3964,0
47,61,108,3965,0
47,42,89,3966,0
53,37,90,3967,0
67,45,112,3968,0
53,39,92,3969,0
53,53,106,3970,0
48,36,84,3971,0
46,43,89,3972,0
44,62,106,3973,0
53,46,99,3974,0
53,46,99,3975,0
56,52,108,3976,0
52,53,105,3977,0
42,46,88,3978,0
58,45,103,3979,0
48,49,97,3980,0
57,49,106,3981,0
46,44,90,3982,0
64,54,118,3983,0
44,47,91,3984,0
49,44,93,3985,0
58,53,111,3986,0
40,36,76,3987,0
37,30,67,3988,0
55,43,98,3989,0
50,37,87,3990,0
52,37,89,3991,0
44,31,75,3992,0
48,52,100,3993,0
49,38,87,3994,0
57,54,111,3995,0
46,63,109,3996,0
55,48,103,3997,0
51,36,87,3998,0
48,48,96,3999,0
53,50,103,4000,0
56,44,100,4001,0
62,48,110,4002,0
51,53,104,4003,0
53,47,100,4004,0
42,44,86,4005,0
34,38,72,4006,0
53,56,109,4007,0
44,49,93,4008,0
51,46,97,4009,0
61,47,108,4010,0
61,49,110,4011,0
43,32,75,4012,0
56,36,92,4013,0
46,43,89,4014,0
52,46,98,4015,0
52,42,94,4016,0
61,52,113,4017,0
54,49,103,4018,0
60,52,112,4019,0
57,46,103,4020,0
56,43,99,4021,0
53,41,94,4022,0
57,45,102,4023,0
52,47,99,4024,0
53,51,104,4025,0
46,55,101,4026,0
57,54,111,4027,0
57,52,109,4028,0
47,45,92,4029,0
66,53,119,4030,0
50,45,95,4031,0
54,44,98,4032,0
52,44,96,4033,0
54,58,112,4034,0
55,48,103,4035,0
48,42,90,4036,0
50,45,95,4037,0
45,47,92,4038,0
46,49,95,4039,0
61,37,98,4040,0
68,35,103,4041,0
63,49,112,4042,0
70,43,113,4043,0
54,51,105,4044,0
52,51,103,4045,0
51,47,98,4046,0
46,56,102,4047,0
55,51,106,4048,0
55,43,98,4049,0
55,48,103,4050,0
66,52,118,4051,0
48,35,83,4052,0
51,42,93,4053,0
46,49,95,4054,0
58,53,111,4055,0
67,51,118,4056,0
57,35,92,4057,0
57,42,99,4058,0
45,57,102,4059,0
55,48,103,4060,0
47,44,91,4061,0
41,58,99,4062,0
43,58,101,4063,0
51,39,90,4064,0
52,47,99,4065,0
57,55,112,4066,0
56,44,100,4067,0
56,50,106,4068,0
50,56,106,4069,0
56,36,92,4070,0
53,49,102,4071,0
55,50,105,4072,0
49,47,96,4073,0
60,64,124,4074,0
44,37,81,4075,0
46,66,112,4076,0
51,45,96,4077,0
39,36,75,4078,0
41,42,83,4079,0
56,56,112,4080,0
38,36,74,4081,0
53,57,110,4082,0
63,44,107,4083,0
53,57,110,4084,0
54,63,117,4085,0
53,53,106,4086,0
47,49,96,4087,0
62,43,105,4088,0
57,47,104,4089,0
44,52,96,4090,0
39,37,76,4091,0
47,41,88,4092,0
50,49,99,4093,0
47,52,99,4094,0
53,45,98,4095,0
48,54,102,4096,0
52,37,89,4097,0
51,34,85,4098,0
60,39,99,4099,0
55,43,98,4100,0
43,45,88,4101,0
71,55,126,4102,0
57,51,108,4103,0
56,49,105,4104,0
42,41,83,4105,0
51,48,99,4106,0
59,39,98,4107,0
52,39,91,4108,0
57,41,98,4109,0
53,42,95,4110,0
47,53,100,4111,0
56,52,108,4112,0
58,53,111,4113,0
46,39,85,4114,0
50,44,94,4115,0
53,47,100,4116,0
51,46,97,4117,0
62,60,122,4118,0
52,48,100,4119,0
53,40,93,4120,0
53,50,103,4121,0
39,44,83,4122,0
64,63,127,4123,0
42,32,74,4124,0
52,50,102,4125,0
45,38,83,4126,0
57,50,107,4127,0
54,53,107,4128,0
46,41,87,4129,0
53,49,102,4130,0
49,37,86,4131,0
43,46,89,4132,0
50,42,92,4133,0
43,39,82,4134,0
54,50,104,4135,0
52,46,98,4136,0
56,41,97,4137,0
38,37,75,4138,0
62,54,116,4139,0
47,42,89,4140,0
40,45,85,4141,0
62,44,106,4142,0
62,37,99,4143,0
64,58,122,4144,0
57,49,106,4145,0
53,41,94,4146,0
44,24,68,4147,0
56,56,112,4148,0
45,53,98,4149,0
59,58,117,4150,0
56,49,105,4151,0
52,33,85,4152,0
53,43,96,4153,0
48,46,94,4154,0
58,57,115,4155,0
44,35,79,4156,0
47,49,96,4157,0
59,50,109,4158,0
50,45,95,4159,0
52,47,99,4160,0
41,44,85,4161,0
47,54,101,4162,0
54,35,89,4163,0
53,40,93,4164,0
54,41,95,4165,0
51,43,94,4166,0
57,47,104,4167,0
53,45,98,4168,0
66,54,120,4169,0
49,49,98,4170,0
47,33,80,4171,0
54,49,103,4172,0
60,56,116,4173,0
53,52,105,4174,0
41,43,84,4175,0
51,37,88,4176,0
50,48,98,4177,0
62,53,115,4178,0
64,49,113,4179,0
59,62,121,4180,0
47,53,100,4181,0
45,42,87,4182,0
51,46,97,4183,0
48,48,96,4184,0
50,51,101,4185,0
40,49,89,4186,0
52,46,98,4187,0
50,54,104,4188,0
48,44,92,4189,0
56,39,95,4190,0
56,40,96,4191,0
58,45,103,4192,0
53,47,100,4193,0
51,36,87,4194,0
55,44,99,4195,0
54,42,96,4196,0
54,47,101,4197,0
59,62,121,4198,0
57,43,100,4199,0
41,35,76,4200,0
45,33,78,4201,0
59,53,112,4202,0
50,50,100,4203,0
54,46,100,4204,0
51,47,98,4205,0
56,44,100,4206,0
57,42,99,4207,0
54,52,106,4208,0
59,55,114,4209,0
51,46,97,4210,0
60,50,110,4211,0
50,48,98,4212,0
60,55,115,4213,0
66,43,109,4214,0
50,53,103,4215,0
53,51,104,4216,0
46,48,94,4217,0
50,56,106,4218,0
58,40,98,4219,0
43,39,82,4220,0
41,44,85,4221,0
53,46,99,4222,0
63,48,111,4223,0
65,56,121,4224,0
48,30,78,4225,0
48,57,105,4226,0
55,45,100,4227,0
51,47,98,4228,0
57,50,107,4229,0
45,44,89,4230,0
44,37,81,4231,0
44,32,76,4232,0
53,50,103,4233,0
53,46,99,4234,0
54,49,103,4235,0
48,42,90,4236,0
56,45,101,4237,0
46,41,87,4238,0
48,43,91,4239,0
50,42,92,4240,0
49,22,71,4241,0
57,39,96,4242,0
60,44,104,4243,0
62,48,110,4244,0
50,52,102,4245,0
48,43,91,4246,0
48,54,102,4247,0
55,55,110,4248,0
49,49,98,4249,0
51,50,101,4250,0
50,59,109,4251,0
42,34,76,4252,0
55,52,107,4253,0
50,37,87,4254,0
55,51,106,4255,0
55,46,101,4256,0
55,43,98,4257,0
46,40,86,4258,0
72,47,119,4259,0
45,50,95,4260,0
48,48,96,4261,0
52,40,92,4262,0
41,46,87,4263,0
42,45,87,4264,0
50,42,92,4265,0
43,41,84,4266,0
51,49,100,4267,0
45,57,102,4268,0
66,49,115,4269,0
53,38,91,4270,0
54,45,99,4271,0
49,48,97,4272,0
57,67,124,4273,0
63,53,116,4274,0
52,34,86,4275,0
52,53,105,4276,0
53,56,109,4277,0
59,68,127,4278,0
44,40,84,4279,0
47,33,80,4280,0
57,50,107,4281,0
56,48,104,4282,0
53,61,114,4283,0
54,51,105,4284,0
47,59,106,4285,0
62,59,121,4286,0
63,59,122,4287,0
52,47,99,4288,0
47,50,97,4289,0
46,40,86,4290,0
43,58,101,4291,0
66,46,112,4292,0
56,44,100,4293,0
50,63,113,4294,0
46,53,99,4295,0
59,46,105,4296,0
50,63,113,4297,0
47,49,96,4298,0
51,54,105,4299,0
55,42,97,4300,0
51,44,95,4301,0
52,50,102,4302,0
52,54,106,4303,0
59,58,117,4304,0
47,45,92,4305,0
51,44,95,4306,0
49,59,108,4307,0
50,44,94,4308,0
53,45,98,4309,0
43,51,94,4310,0
66,48,114,4311,0
52,50,102,4312,0
37,50,87,4313,0
49,44,93,4314,0
34,37,71,4315,0
52,56,108,4316,0
53,57,110,4317,0
51,41,92,4318,0
53,63,116,4319,0
43,39,82,4320,0
38,30,68,4321,0
48,52,100,4322,0
45,39,84,4323,0
57,49,106,4324,0
48,37,85,4325,0
52,33,85,4326,0
38,40,78,4327,0
66,43,109,4328,0
56,41,97,4329,0
58,43,101,4330,0
58,49,107,4331,0
46,39,85,4332,0
61,43,104,4333,0
53,44,97,4334,0
48,56,104,4335,0
49,41,90,4336,0
58,53,111,4337,0
57,45,102,4338,0
59,35,94,4339,0
55,50,105,4340,0
42,30,72,4341,0
52,49,101,4342,0
53,68,121,4343,0
53,34,87,4344,0
44,36,80,4345,0
55,55,110,4346,0
52,53,105,4347,0
42,44,86,4348,0
48,39,87,4349,0
50,55,105,4350,0
53,49,102,4351,0
55,55,110,4352,0
53,39,92,4353,0
53,44,97,4354,0
45,37,82,4355,0
48,43,91,4356,0
56,52,108,4357,0
48,32,80,4358,0
41,39,80,4359,0
58,46,104,4360,0
59,53,112,4361,0
53,63,116,4362,0
42,50,92,4363,0
42,29,71,4364,0
59,50,109,4365,0
46,47,93,4366,0
52,48,100,4367,0
43,44,87,4368,0
51,49,100,4369,0
47,51,98,4370,0
50,42,92,4371,0
55,48,103,4372,0
45,48,93,4373,0
51,59,110,4374,0
45,36,81,4375,0
57,41,98,4376,0
51,47,98,4377,0
44,46,90,4378,0
52,51,103,4379,0
42,32,74,4380,0
50,45,95,4381,0
54,47,101,4382,0
44,58,102,4383,0
49,43,92,4384,0
60,54,114,4385,0
55,52,107,4386,0
43,43,86,4387,0
50,37,87,4388,0
56,51,107,4389,0
46,39,85,4390,0
60,41,101,4391,0
64,53,117,4392,0
52,46,98,4393,0
59,52,111,4394,0
49,43,92,4395,0
54,37,91,4396,0
57,52,109,4397,0
44,39,83,4398,0
63,40,103,4399,0
51,42,93,4400,0
51,54,105,4401,0
51,51,102,4402,0
58,52,110,4403,0
50,47,97,4404,0
54,52,106,4405,0
55,46,101,4406,0
40,35,75,4407,0
54,47,101,4408,0
66,40,106,4409,0
55,61,116,4410,0
61,50,111,4411,0
48,40,88,4412,0
55,52,107,4413,0
55,33,88,4414,0
58,43,101,4415,0
48,53,101,4416,0
56,50,106,4417,0
53,53,106,4418,0
42,44,86,4419,0
49,41,90,4420,0
53,35,88,4421,0
52,60,112,4422,0
47,43,90,4423,0
52,43,95,4424,0
58,42,100,4425,0
61,40,101,4426,0
53,33,86,4427,0
44,37,81,4428,0
44,39,83,4429,0
55,43,98,4430,0
47,39,86,4431,0
66,53,119,4432,0
62,47,109,4433,0
50,46,96,4434,0
52,46,98,4435,0
55,32,87,4436,0
52,46,98,4437,0
51,54,105,4438,0
62,46,108,4439,0
43,34,77,4440,0
42,41,83,4441,0
58,48,106,4442,0
51,50,101,4443,0
62,55,117,4444,0
56,39,95,4445,0
50,46,96,4446,0
58,47,105,4447,0
49,50,99,4448,0
50,54,104,4449,0
60,63,123,4450,0
65,55,120,4451,0
54,50,104,4452,0
46,44,90,4453,0
46,38,84,4454,0
49,47,96,4455,0
55,35,90,4456,0
42,56,98,4457,0
63,60,123,4458,0
57,43,100,4459,0
45,38,83,4460,0
60,50,110,4461,0
60,51,111,4462,0
55,58,113,4463,0
49,48,97,4464,0
45,34,79,4465,0
53,49,102,4466,0
56,34,90,4467,0
61,60,121,4468,0
58,55,113,4469,0
48,41,89,4470,0
60,63,123,4471,0
54,59,113,4472,0
51,44,95,4473,0
53,48,101,4474,0
53,41,94,4475,0
46,47,93,4476,0
57,53,110,4477,0
56,44,100,4478,0
50,58,108,4479,0
50,39,89,4480,0
54,56,110,4481,0
61,58,119,4482,0
45,33,78,4483,0
59,47,106,4484,0
48,54,102,4485,0
54,50,104,4486,0
58,63,121,4487,0
55,58,113,4488,0
59,38,97,4489,0
47,45,92,4490,0
48,46,94,4491,0
37,44,81,4492,0
60,43,103,4493,0
57,45,102,4494,0
56,53,109,4495,0
39,40,79,4496,0
56,34,90,4497,0
49,51,100,4498,0
57,47,104,4499,0
57,41,98,4500,0
