"acq_PA","acq_PE","acq_tot","sim_id","scenario"
9,6,15,1,0
8,5,13,2,0
14,7,21,3,0
16,9,25,4,0
11,8,19,5,0
9,3,12,6,0
12,12,24,7,0
7,9,16,8,0
10,2,12,9,0
11,5,16,10,0
15,10,25,11,0
8,4,12,12,0
11,5,16,13,0
7,3,10,14,0
13,4,17,15,0
7,5,12,16,0
4,1,5,17,0
16,8,24,18,0
13,9,22,19,0
11,4,15,20,0
7,3,10,21,0
11,3,14,22,0
12,3,15,23,0
18,7,25,24,0
14,5,19,25,0
10,8,18,26,0
9,7,16,27,0
16,8,24,28,0
16,3,19,29,0
3,2,5,30,0
9,8,17,31,0
7,4,11,32,0
14,8,22,33,0
16,6,22,34,0
15,6,21,35,0
13,5,18,36,0
12,11,23,37,0
9,3,12,38,0
13,11,24,39,0
7,7,14,40,0
10,4,14,41,0
7,8,15,42,0
11,3,14,43,0
13,5,18,44,0
16,5,21,45,0
12,0,12,46,0
9,3,12,47,0
10,2,12,48,0
10,10,20,49,0
8,6,14,50,0
8,5,13,51,0
10,5,15,52,0
12,3,15,53,0
9,11,20,54,0
9,3,12,55,0
7,3,10,56,0
7,2,9,57,0
12,3,15,58,0
9,5,14,59,0
13,4,17,60,0
13,12,25,61,0
9,9,18,62,0
12,3,15,63,0
17,4,21,64,0
5,7,12,65,0
12,6,18,66,0
9,3,12,67,0
8,4,12,68,0
7,4,11,69,0
12,5,17,70,0
11,11,22,71,0
9,5,14,72,0
10,4,14,73,0
11,6,17,74,0
5,5,10,75,0
5,2,7,76,0
17,8,25,77,0
9,4,13,78,0
10,8,18,79,0
10,3,13,80,0
7,1,8,81,0
10,5,15,82,0
13,4,17,83,0
11,4,15,84,0
11,8,19,85,0
12,7,19,86,0
14,11,25,87,0
10,7,17,88,0
13,4,17,89,0
6,8,14,90,0
14,8,22,91,0
9,6,15,92,0
9,9,18,93,0
12,8,20,94,0
11,5,16,95,0
13,7,20,96,0
10,10,20,97,0
6,1,7,98,0
6,6,12,99,0
8,4,12,100,0
12,7,19,101,0
9,3,12,102,0
15,9,24,103,0
12,4,16,104,0
6,3,9,105,0
8,13,21,106,0
9,5,14,107,0
6,4,10,108,0
13,7,20,109,0
4,4,8,110,0
8,9,17,111,0
11,4,15,112,0
11,12,23,113,0
10,6,16,114,0
18,15,33,115,0
9,10,19,116,0
5,3,8,117,0
10,4,14,118,0
15,9,24,119,0
12,6,18,120,0
12,6,18,121,0
6,2,8,122,0
9,3,12,123,0
15,7,22,124,0
9,4,13,125,0
9,9,18,126,0
6,8,14,127,0
12,6,18,128,0
16,6,22,129,0
16,6,22,130,0
9,4,13,131,0
14,3,17,132,0
16,7,23,133,0
10,2,12,134,0
5,2,7,135,0
11,5,16,136,0
14,7,21,137,0
9,11,20,138,0
11,1,12,139,0
7,3,10,140,0
7,8,15,141,0
13,6,19,142,0
4,1,5,143,0
9,4,13,144,0
11,4,15,145,0
14,4,18,146,0
17,6,23,147,0
11,1,12,148,0
9,5,14,149,0
9,4,13,150,0
10,14,24,151,0
9,5,14,152,0
17,5,22,153,0
8,6,14,154,0
7,2,9,155,0
7,7,14,156,0
16,6,22,157,0
3,4,7,158,0
8,5,13,159,0
8,6,14,160,0
15,11,26,161,0
12,4,16,162,0
6,7,13,163,0
11,1,12,164,0
7,5,12,165,0
11,2,13,166,0
9,4,13,167,0
7,6,13,168,0
7,4,11,169,0
13,7,20,170,0
14,7,21,171,0
9,5,14,172,0
10,4,14,173,0
10,3,13,174,0
10,5,15,175,0
12,5,17,176,0
10,9,19,177,0
13,7,20,178,0
7,2,9,179,0
14,6,20,180,0
17,5,22,181,0
14,7,21,182,0
12,6,18,183,0
8,5,13,184,0
5,0,5,185,0
15,6,21,186,0
11,3,14,187,0
8,4,12,188,0
11,6,17,189,0
10,1,11,190,0
5,2,7,191,0
5,5,10,192,0
15,2,17,193,0
10,5,15,194,0
14,6,20,195,0
6,5,11,196,0
9,8,17,197,0
13,3,16,198,0
16,8,24,199,0
10,4,14,200,0
9,2,11,201,0
3,5,8,202,0
15,6,21,203,0
8,4,12,204,0
7,7,14,205,0
10,5,15,206,0
5,4,9,207,0
12,10,22,208,0
10,6,16,209,0
7,5,12,210,0
13,7,20,211,0
11,8,19,212,0
9,7,16,213,0
7,1,8,214,0
11,12,23,215,0
8,8,16,216,0
13,6,19,217,0
11,11,22,218,0
12,6,18,219,0
15,5,20,220,0
10,1,11,221,0
15,5,20,222,0
18,3,21,223,0
9,8,17,224,0
14,8,22,225,0
16,2,18,226,0
11,3,14,227,0
15,7,22,228,0
11,5,16,229,0
30,3,33,230,0
10,4,14,231,0
10,10,20,232,0
8,3,11,233,0
15,7,22,234,0
7,8,15,235,0
10,6,16,236,0
11,6,17,237,0
12,14,26,238,0
9,2,11,239,0
8,2,10,240,0
6,4,10,241,0
11,1,12,242,0
11,7,18,243,0
3,1,4,244,0
13,2,15,245,0
14,5,19,246,0
10,8,18,247,0
9,4,13,248,0
22,3,25,249,0
11,4,15,250,0
8,7,15,251,0
10,1,11,252,0
3,1,4,253,0
9,7,16,254,0
14,6,20,255,0
10,5,15,256,0
9,6,15,257,0
13,7,20,258,0
9,6,15,259,0
8,8,16,260,0
9,7,16,261,0
9,3,12,262,0
9,7,16,263,0
10,5,15,264,0
5,3,8,265,0
7,2,9,266,0
8,4,12,267,0
9,8,17,268,0
16,8,24,269,0
13,7,20,270,0
11,3,14,271,0
12,6,18,272,0
12,0,12,273,0
10,4,14,274,0
8,0,8,275,0
10,3,13,276,0
17,3,20,277,0
8,3,11,278,0
9,5,14,279,0
12,7,19,280,0
7,6,13,281,0
19,3,22,282,0
9,7,16,283,0
10,5,15,284,0
8,2,10,285,0
12,10,22,286,0
11,4,15,287,0
17,8,25,288,0
10,2,12,289,0
9,10,19,290,0
9,7,16,291,0
8,4,12,292,0
11,7,18,293,0
11,4,15,294,0
7,3,10,295,0
6,3,9,296,0
15,8,23,297,0
14,14,28,298,0
12,4,16,299,0
9,7,16,300,0
12,2,14,301,0
15,15,30,302,0
13,9,22,303,0
8,3,11,304,0
10,6,16,305,0
9,3,12,306,0
13,7,20,307,0
18,12,30,308,0
6,4,10,309,0
15,3,18,310,0
13,4,17,311,0
11,7,18,312,0
6,6,12,313,0
8,4,12,314,0
6,4,10,315,0
13,5,18,316,0
10,8,18,317,0
11,3,14,318,0
9,5,14,319,0
3,3,6,320,0
13,8,21,321,0
17,2,19,322,0
16,5,21,323,0
15,6,21,324,0
12,3,15,325,0
11,4,15,326,0
10,1,11,327,0
10,8,18,328,0
10,7,17,329,0
9,10,19,330,0
12,2,14,331,0
3,3,6,332,0
7,2,9,333,0
12,4,16,334,0
16,6,22,335,0
7,3,10,336,0
13,3,16,337,0
7,4,11,338,0
19,9,28,339,0
9,6,15,340,0
8,11,19,341,0
7,8,15,342,0
12,7,19,343,0
7,5,12,344,0
9,6,15,345,0
7,4,11,346,0
12,5,17,347,0
5,1,6,348,0
9,4,13,349,0
8,1,9,350,0
16,13,29,351,0
8,3,11,352,0
13,5,18,353,0
14,9,23,354,0
14,5,19,355,0
7,8,15,356,0
15,6,21,357,0
7,2,9,358,0
14,8,22,359,0
11,4,15,360,0
8,1,9,361,0
4,4,8,362,0
13,3,16,363,0
11,6,17,364,0
10,6,16,365,0
9,7,16,366,0
8,6,14,367,0
9,3,12,368,0
12,5,17,369,0
13,3,16,370,0
9,3,12,371,0
10,5,15,372,0
16,5,21,373,0
17,3,20,374,0
12,7,19,375,0
10,7,17,376,0
9,3,12,377,0
8,6,14,378,0
9,2,11,379,0
10,8,18,380,0
9,3,12,381,0
4,0,4,382,0
12,10,22,383,0
13,5,18,384,0
9,9,18,385,0
15,2,17,386,0
12,6,18,387,0
8,1,9,388,0
11,5,16,389,0
11,4,15,390,0
18,5,23,391,0
15,8,23,392,0
13,9,22,393,0
18,9,27,394,0
3,4,7,395,0
11,5,16,396,0
15,3,18,397,0
7,7,14,398,0
9,6,15,399,0
15,11,26,400,0
12,4,16,401,0
8,8,16,402,0
14,3,17,403,0
8,2,10,404,0
12,3,15,405,0
12,3,15,406,0
9,4,13,407,0
6,5,11,408,0
9,8,17,409,0
9,5,14,410,0
10,9,19,411,0
15,7,22,412,0
13,10,23,413,0
11,12,23,414,0
16,8,24,415,0
12,2,14,416,0
13,4,17,417,0
17,9,26,418,0
8,6,14,419,0
7,3,10,420,0
6,0,6,421,0
14,10,24,422,0
10,8,18,423,0
11,4,15,424,0
10,5,15,425,0
14,7,21,426,0
10,4,14,427,0
20,6,26,428,0
15,7,22,429,0
8,4,12,430,0
11,4,15,431,0
12,5,17,432,0
6,3,9,433,0
9,1,10,434,0
8,9,17,435,0
16,9,25,436,0
11,11,22,437,0
8,5,13,438,0
6,6,12,439,0
4,2,6,440,0
14,8,22,441,0
11,4,15,442,0
8,3,11,443,0
8,2,10,444,0
10,3,13,445,0
7,6,13,446,0
7,3,10,447,0
10,3,13,448,0
7,5,12,449,0
8,1,9,450,0
6,8,14,451,0
10,3,13,452,0
13,7,20,453,0
10,10,20,454,0
12,11,23,455,0
15,10,25,456,0
7,2,9,457,0
6,6,12,458,0
9,7,16,459,0
12,1,13,460,0
8,5,13,461,0
9,12,21,462,0
13,7,20,463,0
9,2,11,464,0
11,6,17,465,0
13,3,16,466,0
8,6,14,467,0
6,5,11,468,0
10,3,13,469,0
11,3,14,470,0
8,8,16,471,0
8,3,11,472,0
9,3,12,473,0
4,10,14,474,0
11,8,19,475,0
8,5,13,476,0
9,4,13,477,0
8,5,13,478,0
9,8,17,479,0
5,3,8,480,0
10,4,14,481,0
7,2,9,482,0
8,4,12,483,0
11,7,18,484,0
15,7,22,485,0
7,7,14,486,0
16,5,21,487,0
11,3,14,488,0
11,6,17,489,0
11,3,14,490,0
10,10,20,491,0
10,7,17,492,0
10,4,14,493,0
6,1,7,494,0
18,10,28,495,0
7,4,11,496,0
14,4,18,497,0
12,8,20,498,0
9,9,18,499,0
15,2,17,500,0
11,3,14,501,0
14,8,22,502,0
10,12,22,503,0
9,2,11,504,0
7,5,12,505,0
6,4,10,506,0
14,3,17,507,0
12,3,15,508,0
14,10,24,509,0
15,1,16,510,0
5,4,9,511,0
8,9,17,512,0
13,4,17,513,0
18,8,26,514,0
15,7,22,515,0
9,5,14,516,0
11,3,14,517,0
12,11,23,518,0
10,1,11,519,0
14,6,20,520,0
7,6,13,521,0
9,11,20,522,0
6,5,11,523,0
14,4,18,524,0
10,4,14,525,0
11,6,17,526,0
10,3,13,527,0
11,6,17,528,0
9,4,13,529,0
7,6,13,530,0
12,7,19,531,0
13,11,24,532,0
12,5,17,533,0
9,4,13,534,0
7,8,15,535,0
10,8,18,536,0
8,7,15,537,0
5,3,8,538,0
13,9,22,539,0
5,12,17,540,0
12,1,13,541,0
8,3,11,542,0
10,6,16,543,0
12,4,16,544,0
11,4,15,545,0
13,7,20,546,0
11,9,20,547,0
4,3,7,548,0
2,3,5,549,0
9,3,12,550,0
11,7,18,551,0
14,4,18,552,0
17,6,23,553,0
14,3,17,554,0
10,15,25,555,0
6,10,16,556,0
16,9,25,557,0
12,3,15,558,0
8,0,8,559,0
6,5,11,560,0
12,7,19,561,0
10,9,19,562,0
9,3,12,563,0
14,4,18,564,0
15,12,27,565,0
12,8,20,566,0
8,8,16,567,0
10,5,15,568,0
7,4,11,569,0
15,9,24,570,0
17,4,21,571,0
7,7,14,572,0
8,7,15,573,0
15,4,19,574,0
7,2,9,575,0
12,6,18,576,0
8,12,20,577,0
10,5,15,578,0
6,4,10,579,0
18,10,28,580,0
15,10,25,581,0
13,6,19,582,0
8,5,13,583,0
13,5,18,584,0
11,10,21,585,0
5,1,6,586,0
9,3,12,587,0
13,2,15,588,0
18,6,24,589,0
15,10,25,590,0
7,7,14,591,0
10,4,14,592,0
13,10,23,593,0
12,7,19,594,0
14,9,23,595,0
12,11,23,596,0
13,8,21,597,0
11,3,14,598,0
8,12,20,599,0
10,7,17,600,0
13,6,19,601,0
7,3,10,602,0
12,10,22,603,0
13,5,18,604,0
16,8,24,605,0
9,1,10,606,0
9,4,13,607,0
11,5,16,608,0
14,3,17,609,0
14,10,24,610,0
10,1,11,611,0
10,6,16,612,0
9,8,17,613,0
8,5,13,614,0
10,5,15,615,0
14,4,18,616,0
16,10,26,617,0
12,2,14,618,0
7,4,11,619,0
10,7,17,620,0
7,8,15,621,0
8,5,13,622,0
6,1,7,623,0
15,4,19,624,0
15,6,21,625,0
9,7,16,626,0
13,5,18,627,0
7,1,8,628,0
10,10,20,629,0
6,2,8,630,0
8,9,17,631,0
10,8,18,632,0
7,6,13,633,0
11,7,18,634,0
11,9,20,635,0
9,8,17,636,0
7,3,10,637,0
10,6,16,638,0
8,4,12,639,0
6,5,11,640,0
10,5,15,641,0
15,11,26,642,0
13,14,27,643,0
8,8,16,644,0
6,2,8,645,0
18,7,25,646,0
7,8,15,647,0
14,4,18,648,0
12,6,18,649,0
3,6,9,650,0
6,0,6,651,0
11,7,18,652,0
10,5,15,653,0
15,2,17,654,0
12,4,16,655,0
11,8,19,656,0
14,8,22,657,0
16,4,20,658,0
4,5,9,659,0
4,5,9,660,0
10,5,15,661,0
10,9,19,662,0
12,7,19,663,0
6,4,10,664,0
13,5,18,665,0
13,7,20,666,0
24,8,32,667,0
5,2,7,668,0
10,4,14,669,0
10,3,13,670,0
6,4,10,671,0
5,4,9,672,0
12,6,18,673,0
6,2,8,674,0
7,9,16,675,0
14,4,18,676,0
13,15,28,677,0
9,4,13,678,0
20,8,28,679,0
11,1,12,680,0
7,0,7,681,0
8,5,13,682,0
9,10,19,683,0
12,5,17,684,0
15,4,19,685,0
8,3,11,686,0
10,4,14,687,0
18,4,22,688,0
11,7,18,689,0
11,7,18,690,0
11,5,16,691,0
12,7,19,692,0
12,7,19,693,0
7,5,12,694,0
13,7,20,695,0
15,5,20,696,0
6,4,10,697,0
18,6,24,698,0
6,11,17,699,0
17,3,20,700,0
15,8,23,701,0
11,2,13,702,0
11,5,16,703,0
7,1,8,704,0
6,6,12,705,0
10,3,13,706,0
13,3,16,707,0
14,6,20,708,0
13,10,23,709,0
12,4,16,710,0
13,7,20,711,0
5,1,6,712,0
10,6,16,713,0
12,3,15,714,0
17,5,22,715,0
13,7,20,716,0
19,9,28,717,0
8,5,13,718,0
9,10,19,719,0
8,5,13,720,0
15,6,21,721,0
8,6,14,722,0
6,3,9,723,0
14,10,24,724,0
13,6,19,725,0
13,7,20,726,0
6,9,15,727,0
5,6,11,728,0
14,7,21,729,0
10,8,18,730,0
11,6,17,731,0
8,5,13,732,0
12,7,19,733,0
9,4,13,734,0
13,9,22,735,0
7,3,10,736,0
11,9,20,737,0
13,12,25,738,0
6,4,10,739,0
11,11,22,740,0
12,11,23,741,0
12,10,22,742,0
14,10,24,743,0
6,5,11,744,0
13,7,20,745,0
11,10,21,746,0
11,8,19,747,0
11,6,17,748,0
9,9,18,749,0
11,2,13,750,0
7,7,14,751,0
9,5,14,752,0
5,6,11,753,0
7,3,10,754,0
14,5,19,755,0
15,10,25,756,0
2,3,5,757,0
9,9,18,758,0
9,2,11,759,0
10,5,15,760,0
14,8,22,761,0
16,6,22,762,0
10,3,13,763,0
17,6,23,764,0
9,4,13,765,0
11,11,22,766,0
11,3,14,767,0
14,3,17,768,0
5,2,7,769,0
7,2,9,770,0
16,8,24,771,0
4,2,6,772,0
12,4,16,773,0
10,4,14,774,0
7,4,11,775,0
10,3,13,776,0
6,3,9,777,0
13,7,20,778,0
10,5,15,779,0
9,11,20,780,0
9,4,13,781,0
10,6,16,782,0
18,10,28,783,0
9,4,13,784,0
10,7,17,785,0
8,2,10,786,0
9,8,17,787,0
6,2,8,788,0
9,5,14,789,0
10,2,12,790,0
13,5,18,791,0
15,6,21,792,0
11,6,17,793,0
7,6,13,794,0
10,12,22,795,0
9,1,10,796,0
10,8,18,797,0
6,1,7,798,0
13,7,20,799,0
12,10,22,800,0
7,2,9,801,0
6,5,11,802,0
8,2,10,803,0
8,10,18,804,0
12,10,22,805,0
11,9,20,806,0
10,7,17,807,0
14,5,19,808,0
13,4,17,809,0
9,2,11,810,0
6,2,8,811,0
15,4,19,812,0
12,4,16,813,0
6,10,16,814,0
13,7,20,815,0
4,0,4,816,0
8,10,18,817,0
7,2,9,818,0
11,4,15,819,0
7,6,13,820,0
18,5,23,821,0
13,6,19,822,0
7,3,10,823,0
9,4,13,824,0
9,2,11,825,0
19,7,26,826,0
9,5,14,827,0
5,6,11,828,0
9,5,14,829,0
15,3,18,830,0
6,2,8,831,0
3,3,6,832,0
18,6,24,833,0
9,4,13,834,0
12,7,19,835,0
4,3,7,836,0
10,6,16,837,0
4,5,9,838,0
11,1,12,839,0
15,2,17,840,0
13,5,18,841,0
13,5,18,842,0
11,6,17,843,0
10,9,19,844,0
15,5,20,845,0
8,3,11,846,0
11,3,14,847,0
12,5,17,848,0
9,3,12,849,0
7,2,9,850,0
11,6,17,851,0
7,10,17,852,0
14,10,24,853,0
9,8,17,854,0
11,1,12,855,0
10,3,13,856,0
9,8,17,857,0
10,3,13,858,0
8,1,9,859,0
8,8,16,860,0
6,5,11,861,0
11,8,19,862,0
7,4,11,863,0
12,5,17,864,0
9,2,11,865,0
8,3,11,866,0
6,5,11,867,0
13,2,15,868,0
11,4,15,869,0
11,3,14,870,0
7,7,14,871,0
10,4,14,872,0
11,6,17,873,0
12,2,14,874,0
14,5,19,875,0
9,9,18,876,0
10,6,16,877,0
12,12,24,878,0
8,7,15,879,0
8,6,14,880,0
18,7,25,881,0
9,5,14,882,0
11,4,15,883,0
9,5,14,884,0
10,8,18,885,0
9,7,16,886,0
18,4,22,887,0
17,11,28,888,0
6,6,12,889,0
10,5,15,890,0
7,7,14,891,0
6,9,15,892,0
12,6,18,893,0
11,2,13,894,0
8,8,16,895,0
11,2,13,896,0
12,6,18,897,0
6,3,9,898,0
8,5,13,899,0
9,8,17,900,0
9,5,14,901,0
12,8,20,902,0
10,1,11,903,0
11,6,17,904,0
11,9,20,905,0
15,8,23,906,0
11,2,13,907,0
6,3,9,908,0
12,9,21,909,0
9,1,10,910,0
3,4,7,911,0
12,6,18,912,0
16,10,26,913,0
13,3,16,914,0
11,10,21,915,0
12,4,16,916,0
14,8,22,917,0
10,3,13,918,0
12,3,15,919,0
11,3,14,920,0
14,4,18,921,0
9,5,14,922,0
15,6,21,923,0
13,8,21,924,0
15,5,20,925,0
10,2,12,926,0
10,5,15,927,0
7,4,11,928,0
6,4,10,929,0
8,5,13,930,0
13,9,22,931,0
13,7,20,932,0
18,6,24,933,0
10,3,13,934,0
8,7,15,935,0
13,4,17,936,0
15,5,20,937,0
13,5,18,938,0
19,6,25,939,0
11,6,17,940,0
12,12,24,941,0
11,8,19,942,0
13,6,19,943,0
19,3,22,944,0
11,8,19,945,0
11,9,20,946,0
11,8,19,947,0
10,7,17,948,0
10,2,12,949,0
9,5,14,950,0
12,5,17,951,0
10,6,16,952,0
11,3,14,953,0
9,4,13,954,0
9,2,11,955,0
13,8,21,956,0
16,9,25,957,0
19,3,22,958,0
8,3,11,959,0
8,4,12,960,0
7,5,12,961,0
11,5,16,962,0
12,3,15,963,0
15,7,22,964,0
13,3,16,965,0
16,7,23,966,0
7,4,11,967,0
11,5,16,968,0
10,11,21,969,0
10,5,15,970,0
13,4,17,971,0
7,3,10,972,0
11,2,13,973,0
8,6,14,974,0
8,11,19,975,0
14,4,18,976,0
13,4,17,977,0
7,10,17,978,0
10,4,14,979,0
14,7,21,980,0
13,13,26,981,0
11,6,17,982,0
12,5,17,983,0
18,11,29,984,0
5,4,9,985,0
5,5,10,986,0
9,4,13,987,0
13,4,17,988,0
14,4,18,989,0
9,3,12,990,0
8,6,14,991,0
13,7,20,992,0
8,2,10,993,0
11,3,14,994,0
9,9,18,995,0
13,5,18,996,0
16,8,24,997,0
8,7,15,998,0
17,6,23,999,0
22,7,29,1000,0
11,4,15,1001,0
8,5,13,1002,0
8,7,15,1003,0
16,10,26,1004,0
9,2,11,1005,0
10,1,11,1006,0
11,4,15,1007,0
8,8,16,1008,0
7,4,11,1009,0
15,8,23,1010,0
10,8,18,1011,0
9,5,14,1012,0
13,9,22,1013,0
10,3,13,1014,0
8,4,12,1015,0
10,6,16,1016,0
7,7,14,1017,0
10,3,13,1018,0
12,7,19,1019,0
10,7,17,1020,0
19,6,25,1021,0
8,7,15,1022,0
10,7,17,1023,0
7,1,8,1024,0
10,3,13,1025,0
6,7,13,1026,0
11,6,17,1027,0
10,6,16,1028,0
12,7,19,1029,0
8,9,17,1030,0
13,2,15,1031,0
5,6,11,1032,0
12,7,19,1033,0
8,7,15,1034,0
8,3,11,1035,0
8,2,10,1036,0
15,1,16,1037,0
8,7,15,1038,0
10,8,18,1039,0
11,8,19,1040,0
10,6,16,1041,0
15,8,23,1042,0
13,0,13,1043,0
9,4,13,1044,0
9,10,19,1045,0
18,8,26,1046,0
10,2,12,1047,0
7,7,14,1048,0
7,4,11,1049,0
10,6,16,1050,0
8,5,13,1051,0
9,4,13,1052,0
8,5,13,1053,0
10,8,18,1054,0
15,8,23,1055,0
15,9,24,1056,0
9,7,16,1057,0
15,12,27,1058,0
17,6,23,1059,0
15,7,22,1060,0
5,5,10,1061,0
6,4,10,1062,0
12,7,19,1063,0
12,8,20,1064,0
13,8,21,1065,0
10,7,17,1066,0
15,9,24,1067,0
12,9,21,1068,0
6,5,11,1069,0
15,3,18,1070,0
14,5,19,1071,0
7,5,12,1072,0
6,6,12,1073,0
8,3,11,1074,0
7,7,14,1075,0
8,2,10,1076,0
14,3,17,1077,0
15,2,17,1078,0
13,4,17,1079,0
9,7,16,1080,0
9,1,10,1081,0
14,9,23,1082,0
14,8,22,1083,0
3,3,6,1084,0
4,3,7,1085,0
15,5,20,1086,0
13,2,15,1087,0
9,2,11,1088,0
4,4,8,1089,0
10,4,14,1090,0
10,3,13,1091,0
15,13,28,1092,0
9,4,13,1093,0
11,4,15,1094,0
19,7,26,1095,0
6,3,9,1096,0
13,6,19,1097,0
12,9,21,1098,0
10,12,22,1099,0
7,5,12,1100,0
3,1,4,1101,0
11,7,18,1102,0
10,12,22,1103,0
12,4,16,1104,0
10,3,13,1105,0
10,5,15,1106,0
10,3,13,1107,0
9,1,10,1108,0
13,7,20,1109,0
11,11,22,1110,0
9,4,13,1111,0
15,8,23,1112,0
11,9,20,1113,0
9,2,11,1114,0
15,4,19,1115,0
18,8,26,1116,0
6,5,11,1117,0
10,6,16,1118,0
13,6,19,1119,0
8,8,16,1120,0
10,5,15,1121,0
9,5,14,1122,0
10,2,12,1123,0
10,11,21,1124,0
12,4,16,1125,0
11,2,13,1126,0
9,5,14,1127,0
8,8,16,1128,0
11,8,19,1129,0
8,5,13,1130,0
15,3,18,1131,0
11,3,14,1132,0
11,1,12,1133,0
9,3,12,1134,0
14,2,16,1135,0
9,2,11,1136,0
13,4,17,1137,0
14,12,26,1138,0
5,4,9,1139,0
9,4,13,1140,0
17,8,25,1141,0
6,4,10,1142,0
11,6,17,1143,0
14,10,24,1144,0
15,4,19,1145,0
8,1,9,1146,0
15,9,24,1147,0
11,4,15,1148,0
9,2,11,1149,0
13,8,21,1150,0
9,6,15,1151,0
7,5,12,1152,0
12,3,15,1153,0
5,4,9,1154,0
7,3,10,1155,0
7,10,17,1156,0
9,6,15,1157,0
13,6,19,1158,0
9,4,13,1159,0
19,6,25,1160,0
7,5,12,1161,0
16,12,28,1162,0
14,5,19,1163,0
16,4,20,1164,0
9,3,12,1165,0
7,5,12,1166,0
9,1,10,1167,0
8,5,13,1168,0
9,5,14,1169,0
14,8,22,1170,0
13,10,23,1171,0
13,8,21,1172,0
10,4,14,1173,0
15,7,22,1174,0
11,5,16,1175,0
8,2,10,1176,0
6,7,13,1177,0
8,9,17,1178,0
10,5,15,1179,0
10,1,11,1180,0
15,2,17,1181,0
10,6,16,1182,0
9,1,10,1183,0
13,5,18,1184,0
10,3,13,1185,0
4,4,8,1186,0
13,6,19,1187,0
5,3,8,1188,0
7,4,11,1189,0
7,6,13,1190,0
13,9,22,1191,0
10,9,19,1192,0
11,4,15,1193,0
12,7,19,1194,0
5,2,7,1195,0
8,5,13,1196,0
7,3,10,1197,0
6,4,10,1198,0
10,9,19,1199,0
10,10,20,1200,0
8,3,11,1201,0
13,1,14,1202,0
13,10,23,1203,0
14,9,23,1204,0
8,8,16,1205,0
11,6,17,1206,0
7,5,12,1207,0
10,6,16,1208,0
13,5,18,1209,0
8,6,14,1210,0
11,4,15,1211,0
11,8,19,1212,0
6,4,10,1213,0
9,6,15,1214,0
9,3,12,1215,0
13,2,15,1216,0
9,2,11,1217,0
10,12,22,1218,0
9,7,16,1219,0
12,9,21,1220,0
7,7,14,1221,0
11,3,14,1222,0
9,1,10,1223,0
15,5,20,1224,0
10,6,16,1225,0
10,5,15,1226,0
16,9,25,1227,0
12,7,19,1228,0
9,1,10,1229,0
9,6,15,1230,0
7,5,12,1231,0
8,0,8,1232,0
12,5,17,1233,0
10,4,14,1234,0
11,9,20,1235,0
13,5,18,1236,0
13,10,23,1237,0
12,3,15,1238,0
10,5,15,1239,0
19,5,24,1240,0
11,6,17,1241,0
16,1,17,1242,0
11,2,13,1243,0
12,2,14,1244,0
14,10,24,1245,0
11,15,26,1246,0
11,4,15,1247,0
11,4,15,1248,0
7,0,7,1249,0
11,6,17,1250,0
6,3,9,1251,0
13,2,15,1252,0
11,2,13,1253,0
6,1,7,1254,0
7,8,15,1255,0
9,6,15,1256,0
9,7,16,1257,0
17,6,23,1258,0
8,3,11,1259,0
14,5,19,1260,0
11,3,14,1261,0
10,7,17,1262,0
13,4,17,1263,0
9,5,14,1264,0
4,5,9,1265,0
6,2,8,1266,0
10,8,18,1267,0
8,3,11,1268,0
8,0,8,1269,0
6,4,10,1270,0
7,7,14,1271,0
7,4,11,1272,0
6,3,9,1273,0
9,7,16,1274,0
14,8,22,1275,0
10,12,22,1276,0
12,9,21,1277,0
11,9,20,1278,0
12,2,14,1279,0
12,1,13,1280,0
7,1,8,1281,0
9,7,16,1282,0
10,2,12,1283,0
10,8,18,1284,0
12,9,21,1285,0
7,12,19,1286,0
13,3,16,1287,0
12,6,18,1288,0
13,5,18,1289,0
18,5,23,1290,0
11,3,14,1291,0
9,4,13,1292,0
8,8,16,1293,0
13,6,19,1294,0
11,9,20,1295,0
15,6,21,1296,0
11,4,15,1297,0
12,7,19,1298,0
23,7,30,1299,0
4,2,6,1300,0
9,6,15,1301,0
13,6,19,1302,0
9,3,12,1303,0
12,6,18,1304,0
11,7,18,1305,0
5,3,8,1306,0
8,9,17,1307,0
6,5,11,1308,0
12,4,16,1309,0
7,6,13,1310,0
4,10,14,1311,0
15,12,27,1312,0
11,6,17,1313,0
10,4,14,1314,0
18,9,27,1315,0
8,6,14,1316,0
12,11,23,1317,0
10,5,15,1318,0
8,4,12,1319,0
7,5,12,1320,0
6,6,12,1321,0
16,12,28,1322,0
15,10,25,1323,0
9,3,12,1324,0
11,7,18,1325,0
8,5,13,1326,0
7,7,14,1327,0
16,11,27,1328,0
7,6,13,1329,0
9,5,14,1330,0
9,1,10,1331,0
8,4,12,1332,0
8,2,10,1333,0
15,4,19,1334,0
12,6,18,1335,0
13,9,22,1336,0
12,8,20,1337,0
9,5,14,1338,0
10,5,15,1339,0
9,3,12,1340,0
4,4,8,1341,0
10,5,15,1342,0
11,7,18,1343,0
5,2,7,1344,0
5,6,11,1345,0
22,9,31,1346,0
9,3,12,1347,0
9,5,14,1348,0
16,15,31,1349,0
6,7,13,1350,0
15,7,22,1351,0
6,2,8,1352,0
7,6,13,1353,0
14,10,24,1354,0
18,7,25,1355,0
13,5,18,1356,0
9,2,11,1357,0
9,6,15,1358,0
10,11,21,1359,0
10,7,17,1360,0
14,8,22,1361,0
8,5,13,1362,0
11,6,17,1363,0
14,6,20,1364,0
15,8,23,1365,0
9,4,13,1366,0
5,5,10,1367,0
15,7,22,1368,0
7,4,11,1369,0
12,5,17,1370,0
5,4,9,1371,0
9,3,12,1372,0
10,1,11,1373,0
12,9,21,1374,0
12,7,19,1375,0
13,2,15,1376,0
14,6,20,1377,0
7,10,17,1378,0
9,5,14,1379,0
13,2,15,1380,0
13,5,18,1381,0
12,4,16,1382,0
12,5,17,1383,0
12,2,14,1384,0
10,8,18,1385,0
11,10,21,1386,0
17,9,26,1387,0
12,6,18,1388,0
7,3,10,1389,0
14,6,20,1390,0
12,4,16,1391,0
9,3,12,1392,0
12,10,22,1393,0
10,6,16,1394,0
4,0,4,1395,0
11,7,18,1396,0
13,3,16,1397,0
8,12,20,1398,0
15,6,21,1399,0
13,4,17,1400,0
11,8,19,1401,0
9,4,13,1402,0
10,5,15,1403,0
9,8,17,1404,0
11,4,15,1405,0
10,6,16,1406,0
17,10,27,1407,0
17,8,25,1408,0
16,5,21,1409,0
6,5,11,1410,0
16,12,28,1411,0
11,7,18,1412,0
12,6,18,1413,0
6,9,15,1414,0
11,5,16,1415,0
14,6,20,1416,0
13,1,14,1417,0
17,4,21,1418,0
5,2,7,1419,0
7,5,12,1420,0
12,3,15,1421,0
10,7,17,1422,0
5,5,10,1423,0
10,2,12,1424,0
11,12,23,1425,0
12,8,20,1426,0
13,8,21,1427,0
15,4,19,1428,0
12,6,18,1429,0
11,3,14,1430,0
6,5,11,1431,0
8,6,14,1432,0
9,7,16,1433,0
12,5,17,1434,0
10,10,20,1435,0
9,3,12,1436,0
16,4,20,1437,0
8,13,21,1438,0
14,8,22,1439,0
10,2,12,1440,0
9,6,15,1441,0
10,5,15,1442,0
11,8,19,1443,0
13,3,16,1444,0
17,5,22,1445,0
10,11,21,1446,0
8,6,14,1447,0
8,11,19,1448,0
10,5,15,1449,0
11,6,17,1450,0
3,1,4,1451,0
9,6,15,1452,0
8,9,17,1453,0
9,4,13,1454,0
9,4,13,1455,0
10,5,15,1456,0
10,3,13,1457,0
15,10,25,1458,0
9,8,17,1459,0
11,6,17,1460,0
11,5,16,1461,0
12,10,22,1462,0
12,5,17,1463,0
8,6,14,1464,0
8,10,18,1465,0
9,7,16,1466,0
7,7,14,1467,0
12,8,20,1468,0
9,4,13,1469,0
11,2,13,1470,0
11,5,16,1471,0
5,4,9,1472,0
6,2,8,1473,0
15,9,24,1474,0
7,8,15,1475,0
14,8,22,1476,0
12,5,17,1477,0
4,3,7,1478,0
10,4,14,1479,0
9,3,12,1480,0
7,5,12,1481,0
5,3,8,1482,0
20,7,27,1483,0
6,5,11,1484,0
9,5,14,1485,0
8,5,13,1486,0
19,5,24,1487,0
10,3,13,1488,0
5,10,15,1489,0
10,5,15,1490,0
14,8,22,1491,0
11,2,13,1492,0
8,1,9,1493,0
7,9,16,1494,0
2,8,10,1495,0
9,3,12,1496,0
6,9,15,1497,0
3,3,6,1498,0
8,3,11,1499,0
14,9,23,1500,0
11,7,18,1501,0
16,10,26,1502,0
11,3,14,1503,0
10,4,14,1504,0
13,4,17,1505,0
15,7,22,1506,0
4,4,8,1507,0
5,2,7,1508,0
8,7,15,1509,0
9,4,13,1510,0
11,2,13,1511,0
15,2,17,1512,0
14,3,17,1513,0
9,2,11,1514,0
5,5,10,1515,0
7,4,11,1516,0
11,7,18,1517,0
12,10,22,1518,0
8,4,12,1519,0
11,3,14,1520,0
13,7,20,1521,0
8,9,17,1522,0
6,4,10,1523,0
16,5,21,1524,0
13,4,17,1525,0
12,9,21,1526,0
6,2,8,1527,0
6,9,15,1528,0
11,1,12,1529,0
13,2,15,1530,0
10,10,20,1531,0
13,4,17,1532,0
8,2,10,1533,0
13,4,17,1534,0
8,2,10,1535,0
9,6,15,1536,0
14,5,19,1537,0
11,4,15,1538,0
7,5,12,1539,0
11,7,18,1540,0
13,7,20,1541,0
10,9,19,1542,0
11,6,17,1543,0
15,10,25,1544,0
16,7,23,1545,0
14,2,16,1546,0
8,3,11,1547,0
13,4,17,1548,0
14,5,19,1549,0
9,6,15,1550,0
13,1,14,1551,0
17,5,22,1552,0
14,4,18,1553,0
7,7,14,1554,0
8,4,12,1555,0
9,2,11,1556,0
7,6,13,1557,0
8,6,14,1558,0
22,7,29,1559,0
12,2,14,1560,0
8,10,18,1561,0
3,2,5,1562,0
7,6,13,1563,0
7,5,12,1564,0
14,6,20,1565,0
9,5,14,1566,0
5,5,10,1567,0
12,16,28,1568,0
7,5,12,1569,0
10,3,13,1570,0
8,4,12,1571,0
13,4,17,1572,0
13,5,18,1573,0
11,4,15,1574,0
13,4,17,1575,0
11,5,16,1576,0
6,5,11,1577,0
16,11,27,1578,0
8,7,15,1579,0
9,7,16,1580,0
12,1,13,1581,0
13,6,19,1582,0
8,8,16,1583,0
11,9,20,1584,0
16,4,20,1585,0
5,5,10,1586,0
4,4,8,1587,0
13,11,24,1588,0
8,5,13,1589,0
11,3,14,1590,0
13,4,17,1591,0
15,5,20,1592,0
16,10,26,1593,0
15,8,23,1594,0
15,3,18,1595,0
9,1,10,1596,0
11,7,18,1597,0
14,4,18,1598,0
14,7,21,1599,0
18,6,24,1600,0
11,5,16,1601,0
9,8,17,1602,0
9,3,12,1603,0
16,7,23,1604,0
14,6,20,1605,0
13,9,22,1606,0
17,14,31,1607,0
6,9,15,1608,0
10,4,14,1609,0
10,5,15,1610,0
9,7,16,1611,0
6,5,11,1612,0
11,4,15,1613,0
11,9,20,1614,0
10,8,18,1615,0
12,15,27,1616,0
20,13,33,1617,0
13,5,18,1618,0
11,5,16,1619,0
14,7,21,1620,0
16,4,20,1621,0
9,9,18,1622,0
7,6,13,1623,0
6,5,11,1624,0
17,8,25,1625,0
11,9,20,1626,0
14,9,23,1627,0
6,3,9,1628,0
9,6,15,1629,0
12,7,19,1630,0
13,4,17,1631,0
10,4,14,1632,0
14,9,23,1633,0
10,7,17,1634,0
12,8,20,1635,0
10,8,18,1636,0
7,2,9,1637,0
10,1,11,1638,0
9,1,10,1639,0
11,6,17,1640,0
15,10,25,1641,0
13,6,19,1642,0
11,6,17,1643,0
12,4,16,1644,0
8,5,13,1645,0
5,2,7,1646,0
10,6,16,1647,0
8,0,8,1648,0
9,3,12,1649,0
8,5,13,1650,0
14,8,22,1651,0
13,10,23,1652,0
14,5,19,1653,0
13,3,16,1654,0
12,6,18,1655,0
15,10,25,1656,0
10,6,16,1657,0
9,7,16,1658,0
12,10,22,1659,0
7,4,11,1660,0
7,1,8,1661,0
10,9,19,1662,0
13,5,18,1663,0
10,5,15,1664,0
8,2,10,1665,0
13,3,16,1666,0
15,3,18,1667,0
5,5,10,1668,0
10,4,14,1669,0
11,6,17,1670,0
8,1,9,1671,0
22,9,31,1672,0
15,1,16,1673,0
13,7,20,1674,0
5,3,8,1675,0
14,6,20,1676,0
10,10,20,1677,0
12,4,16,1678,0
12,6,18,1679,0
8,2,10,1680,0
7,5,12,1681,0
8,4,12,1682,0
9,13,22,1683,0
12,11,23,1684,0
6,4,10,1685,0
9,5,14,1686,0
10,9,19,1687,0
6,2,8,1688,0
15,5,20,1689,0
8,7,15,1690,0
15,5,20,1691,0
11,6,17,1692,0
5,3,8,1693,0
13,4,17,1694,0
11,7,18,1695,0
11,4,15,1696,0
8,0,8,1697,0
13,5,18,1698,0
9,2,11,1699,0
15,2,17,1700,0
6,8,14,1701,0
17,8,25,1702,0
15,6,21,1703,0
12,4,16,1704,0
15,5,20,1705,0
12,6,18,1706,0
9,4,13,1707,0
8,5,13,1708,0
18,8,26,1709,0
10,10,20,1710,0
14,5,19,1711,0
15,10,25,1712,0
19,12,31,1713,0
19,5,24,1714,0
7,6,13,1715,0
13,1,14,1716,0
9,4,13,1717,0
7,4,11,1718,0
9,5,14,1719,0
9,5,14,1720,0
6,10,16,1721,0
17,13,30,1722,0
6,6,12,1723,0
6,5,11,1724,0
12,6,18,1725,0
17,4,21,1726,0
6,2,8,1727,0
12,4,16,1728,0
13,10,23,1729,0
9,4,13,1730,0
12,7,19,1731,0
13,8,21,1732,0
6,13,19,1733,0
16,7,23,1734,0
13,4,17,1735,0
6,4,10,1736,0
10,2,12,1737,0
10,4,14,1738,0
18,7,25,1739,0
11,5,16,1740,0
14,6,20,1741,0
9,6,15,1742,0
8,2,10,1743,0
11,2,13,1744,0
10,5,15,1745,0
14,4,18,1746,0
15,5,20,1747,0
19,3,22,1748,0
17,4,21,1749,0
12,6,18,1750,0
13,6,19,1751,0
8,7,15,1752,0
13,15,28,1753,0
9,6,15,1754,0
14,6,20,1755,0
9,3,12,1756,0
12,3,15,1757,0
15,10,25,1758,0
6,3,9,1759,0
9,6,15,1760,0
16,6,22,1761,0
6,3,9,1762,0
13,5,18,1763,0
10,2,12,1764,0
13,3,16,1765,0
8,3,11,1766,0
8,7,15,1767,0
10,4,14,1768,0
8,6,14,1769,0
18,9,27,1770,0
10,5,15,1771,0
11,3,14,1772,0
8,2,10,1773,0
9,8,17,1774,0
16,2,18,1775,0
12,1,13,1776,0
9,4,13,1777,0
12,4,16,1778,0
16,6,22,1779,0
8,9,17,1780,0
7,8,15,1781,0
8,9,17,1782,0
17,12,29,1783,0
10,9,19,1784,0
9,5,14,1785,0
5,5,10,1786,0
11,9,20,1787,0
11,7,18,1788,0
8,6,14,1789,0
11,7,18,1790,0
6,5,11,1791,0
18,6,24,1792,0
9,5,14,1793,0
11,2,13,1794,0
10,9,19,1795,0
11,4,15,1796,0
17,7,24,1797,0
5,3,8,1798,0
11,0,11,1799,0
10,4,14,1800,0
7,4,11,1801,0
14,5,19,1802,0
8,3,11,1803,0
14,10,24,1804,0
7,1,8,1805,0
14,5,19,1806,0
13,5,18,1807,0
8,2,10,1808,0
19,8,27,1809,0
8,7,15,1810,0
13,4,17,1811,0
12,3,15,1812,0
8,2,10,1813,0
11,11,22,1814,0
23,7,30,1815,0
12,3,15,1816,0
13,7,20,1817,0
5,1,6,1818,0
9,2,11,1819,0
13,11,24,1820,0
5,5,10,1821,0
8,6,14,1822,0
10,6,16,1823,0
11,4,15,1824,0
8,4,12,1825,0
8,3,11,1826,0
11,5,16,1827,0
12,4,16,1828,0
4,2,6,1829,0
12,5,17,1830,0
15,7,22,1831,0
13,10,23,1832,0
9,3,12,1833,0
6,3,9,1834,0
5,10,15,1835,0
10,1,11,1836,0
7,6,13,1837,0
14,2,16,1838,0
13,2,15,1839,0
14,6,20,1840,0
8,3,11,1841,0
10,6,16,1842,0
8,4,12,1843,0
12,9,21,1844,0
11,6,17,1845,0
9,4,13,1846,0
10,4,14,1847,0
14,5,19,1848,0
16,5,21,1849,0
13,3,16,1850,0
11,5,16,1851,0
14,11,25,1852,0
11,8,19,1853,0
14,13,27,1854,0
8,12,20,1855,0
10,0,10,1856,0
11,3,14,1857,0
13,6,19,1858,0
12,3,15,1859,0
11,5,16,1860,0
14,5,19,1861,0
13,3,16,1862,0
10,6,16,1863,0
8,2,10,1864,0
14,9,23,1865,0
18,7,25,1866,0
11,4,15,1867,0
21,13,34,1868,0
12,7,19,1869,0
11,2,13,1870,0
11,6,17,1871,0
10,4,14,1872,0
13,1,14,1873,0
7,5,12,1874,0
10,3,13,1875,0
16,5,21,1876,0
13,4,17,1877,0
15,0,15,1878,0
8,4,12,1879,0
7,4,11,1880,0
6,5,11,1881,0
8,6,14,1882,0
7,7,14,1883,0
15,6,21,1884,0
7,6,13,1885,0
15,10,25,1886,0
15,6,21,1887,0
9,1,10,1888,0
17,15,32,1889,0
15,7,22,1890,0
7,6,13,1891,0
11,1,12,1892,0
15,7,22,1893,0
7,3,10,1894,0
12,3,15,1895,0
16,8,24,1896,0
7,3,10,1897,0
18,8,26,1898,0
7,6,13,1899,0
9,7,16,1900,0
14,8,22,1901,0
18,2,20,1902,0
10,0,10,1903,0
13,6,19,1904,0
10,3,13,1905,0
10,3,13,1906,0
12,6,18,1907,0
17,8,25,1908,0
12,7,19,1909,0
11,4,15,1910,0
19,2,21,1911,0
8,7,15,1912,0
15,7,22,1913,0
16,5,21,1914,0
13,4,17,1915,0
7,4,11,1916,0
12,9,21,1917,0
15,6,21,1918,0
11,6,17,1919,0
14,13,27,1920,0
6,8,14,1921,0
14,10,24,1922,0
7,4,11,1923,0
9,4,13,1924,0
12,6,18,1925,0
9,6,15,1926,0
11,8,19,1927,0
10,9,19,1928,0
6,11,17,1929,0
5,4,9,1930,0
11,5,16,1931,0
12,5,17,1932,0
17,13,30,1933,0
13,5,18,1934,0
13,8,21,1935,0
6,2,8,1936,0
7,5,12,1937,0
11,7,18,1938,0
12,8,20,1939,0
12,5,17,1940,0
11,4,15,1941,0
8,1,9,1942,0
15,8,23,1943,0
7,4,11,1944,0
18,5,23,1945,0
9,5,14,1946,0
11,1,12,1947,0
15,8,23,1948,0
9,3,12,1949,0
7,6,13,1950,0
14,8,22,1951,0
11,5,16,1952,0
3,1,4,1953,0
17,6,23,1954,0
15,8,23,1955,0
8,7,15,1956,0
14,7,21,1957,0
12,1,13,1958,0
8,5,13,1959,0
14,4,18,1960,0
14,8,22,1961,0
4,6,10,1962,0
13,10,23,1963,0
10,7,17,1964,0
14,5,19,1965,0
7,2,9,1966,0
10,5,15,1967,0
10,7,17,1968,0
11,2,13,1969,0
9,0,9,1970,0
12,9,21,1971,0
9,3,12,1972,0
11,9,20,1973,0
10,6,16,1974,0
6,3,9,1975,0
7,7,14,1976,0
16,10,26,1977,0
13,5,18,1978,0
4,2,6,1979,0
12,11,23,1980,0
4,3,7,1981,0
12,3,15,1982,0
5,5,10,1983,0
14,3,17,1984,0
11,5,16,1985,0
9,4,13,1986,0
14,2,16,1987,0
17,5,22,1988,0
12,4,16,1989,0
14,9,23,1990,0
6,1,7,1991,0
9,1,10,1992,0
2,4,6,1993,0
8,3,11,1994,0
9,6,15,1995,0
16,10,26,1996,0
7,5,12,1997,0
11,10,21,1998,0
10,8,18,1999,0
8,2,10,2000,0
10,3,13,2001,0
4,6,10,2002,0
16,7,23,2003,0
16,5,21,2004,0
15,8,23,2005,0
12,2,14,2006,0
14,4,18,2007,0
7,4,11,2008,0
9,1,10,2009,0
9,3,12,2010,0
10,8,18,2011,0
7,4,11,2012,0
10,9,19,2013,0
6,2,8,2014,0
7,3,10,2015,0
10,3,13,2016,0
11,2,13,2017,0
8,3,11,2018,0
19,7,26,2019,0
7,5,12,2020,0
9,5,14,2021,0
10,8,18,2022,0
14,3,17,2023,0
11,3,14,2024,0
8,6,14,2025,0
13,7,20,2026,0
6,3,9,2027,0
6,2,8,2028,0
9,10,19,2029,0
10,1,11,2030,0
10,4,14,2031,0
13,2,15,2032,0
7,8,15,2033,0
6,6,12,2034,0
14,3,17,2035,0
13,7,20,2036,0
5,7,12,2037,0
6,5,11,2038,0
9,9,18,2039,0
9,8,17,2040,0
11,9,20,2041,0
9,10,19,2042,0
7,8,15,2043,0
10,1,11,2044,0
12,6,18,2045,0
10,5,15,2046,0
7,4,11,2047,0
15,7,22,2048,0
12,12,24,2049,0
7,6,13,2050,0
8,1,9,2051,0
7,5,12,2052,0
10,7,17,2053,0
4,9,13,2054,0
10,2,12,2055,0
12,6,18,2056,0
9,7,16,2057,0
13,7,20,2058,0
10,5,15,2059,0
8,3,11,2060,0
8,3,11,2061,0
11,6,17,2062,0
6,4,10,2063,0
8,2,10,2064,0
10,2,12,2065,0
5,2,7,2066,0
9,4,13,2067,0
13,8,21,2068,0
10,1,11,2069,0
10,6,16,2070,0
12,6,18,2071,0
11,6,17,2072,0
11,9,20,2073,0
6,2,8,2074,0
13,15,28,2075,0
10,7,17,2076,0
11,5,16,2077,0
13,3,16,2078,0
12,6,18,2079,0
8,5,13,2080,0
13,3,16,2081,0
8,2,10,2082,0
9,9,18,2083,0
12,4,16,2084,0
11,9,20,2085,0
9,8,17,2086,0
8,10,18,2087,0
6,8,14,2088,0
8,6,14,2089,0
10,6,16,2090,0
14,9,23,2091,0
10,8,18,2092,0
9,3,12,2093,0
9,6,15,2094,0
12,8,20,2095,0
14,2,16,2096,0
11,5,16,2097,0
16,10,26,2098,0
10,5,15,2099,0
14,4,18,2100,0
17,4,21,2101,0
6,6,12,2102,0
13,9,22,2103,0
12,4,16,2104,0
17,5,22,2105,0
9,3,12,2106,0
16,4,20,2107,0
7,7,14,2108,0
13,4,17,2109,0
8,7,15,2110,0
9,4,13,2111,0
17,8,25,2112,0
9,9,18,2113,0
12,2,14,2114,0
19,7,26,2115,0
15,5,20,2116,0
9,13,22,2117,0
16,9,25,2118,0
5,3,8,2119,0
15,7,22,2120,0
13,4,17,2121,0
6,4,10,2122,0
12,5,17,2123,0
11,3,14,2124,0
17,6,23,2125,0
11,9,20,2126,0
10,5,15,2127,0
12,7,19,2128,0
7,6,13,2129,0
9,4,13,2130,0
11,6,17,2131,0
10,3,13,2132,0
9,6,15,2133,0
8,1,9,2134,0
10,11,21,2135,0
5,4,9,2136,0
8,3,11,2137,0
11,4,15,2138,0
6,4,10,2139,0
6,6,12,2140,0
15,2,17,2141,0
7,4,11,2142,0
12,6,18,2143,0
10,2,12,2144,0
12,2,14,2145,0
14,6,20,2146,0
8,1,9,2147,0
12,5,17,2148,0
17,4,21,2149,0
13,11,24,2150,0
9,5,14,2151,0
17,11,28,2152,0
10,8,18,2153,0
9,4,13,2154,0
7,5,12,2155,0
11,7,18,2156,0
10,4,14,2157,0
9,7,16,2158,0
10,3,13,2159,0
9,4,13,2160,0
13,6,19,2161,0
13,8,21,2162,0
13,3,16,2163,0
14,7,21,2164,0
14,9,23,2165,0
11,7,18,2166,0
15,8,23,2167,0
8,3,11,2168,0
12,9,21,2169,0
7,1,8,2170,0
9,3,12,2171,0
10,6,16,2172,0
9,3,12,2173,0
12,3,15,2174,0
15,11,26,2175,0
17,7,24,2176,0
8,4,12,2177,0
12,9,21,2178,0
8,7,15,2179,0
11,4,15,2180,0
8,6,14,2181,0
5,3,8,2182,0
14,5,19,2183,0
13,5,18,2184,0
13,3,16,2185,0
12,5,17,2186,0
12,3,15,2187,0
10,5,15,2188,0
16,10,26,2189,0
5,8,13,2190,0
9,4,13,2191,0
10,12,22,2192,0
10,4,14,2193,0
9,2,11,2194,0
10,4,14,2195,0
16,4,20,2196,0
10,6,16,2197,0
9,3,12,2198,0
9,4,13,2199,0
12,3,15,2200,0
17,3,20,2201,0
15,8,23,2202,0
10,3,13,2203,0
10,7,17,2204,0
11,6,17,2205,0
8,2,10,2206,0
7,5,12,2207,0
8,2,10,2208,0
13,4,17,2209,0
9,5,14,2210,0
8,9,17,2211,0
9,3,12,2212,0
15,11,26,2213,0
10,13,23,2214,0
13,6,19,2215,0
10,0,10,2216,0
6,3,9,2217,0
10,4,14,2218,0
11,4,15,2219,0
10,8,18,2220,0
14,2,16,2221,0
14,6,20,2222,0
11,3,14,2223,0
16,12,28,2224,0
13,9,22,2225,0
14,5,19,2226,0
7,3,10,2227,0
5,2,7,2228,0
15,10,25,2229,0
10,7,17,2230,0
21,13,34,2231,0
15,5,20,2232,0
12,9,21,2233,0
8,9,17,2234,0
16,7,23,2235,0
5,5,10,2236,0
6,4,10,2237,0
8,7,15,2238,0
12,10,22,2239,0
10,3,13,2240,0
9,4,13,2241,0
7,1,8,2242,0
6,8,14,2243,0
6,8,14,2244,0
12,6,18,2245,0
15,6,21,2246,0
11,4,15,2247,0
8,2,10,2248,0
9,3,12,2249,0
10,6,16,2250,0
16,7,23,2251,0
12,3,15,2252,0
20,4,24,2253,0
11,7,18,2254,0
12,3,15,2255,0
12,8,20,2256,0
8,5,13,2257,0
10,8,18,2258,0
13,7,20,2259,0
14,12,26,2260,0
6,12,18,2261,0
15,5,20,2262,0
14,11,25,2263,0
9,6,15,2264,0
7,3,10,2265,0
7,6,13,2266,0
10,7,17,2267,0
9,9,18,2268,0
9,4,13,2269,0
8,7,15,2270,0
9,2,11,2271,0
11,4,15,2272,0
9,6,15,2273,0
10,3,13,2274,0
10,6,16,2275,0
10,6,16,2276,0
12,4,16,2277,0
8,7,15,2278,0
11,3,14,2279,0
11,6,17,2280,0
11,3,14,2281,0
12,3,15,2282,0
10,5,15,2283,0
13,6,19,2284,0
8,5,13,2285,0
6,3,9,2286,0
17,6,23,2287,0
11,4,15,2288,0
19,11,30,2289,0
6,3,9,2290,0
16,6,22,2291,0
12,7,19,2292,0
10,8,18,2293,0
13,11,24,2294,0
10,6,16,2295,0
7,9,16,2296,0
11,3,14,2297,0
14,8,22,2298,0
12,8,20,2299,0
13,5,18,2300,0
11,6,17,2301,0
9,8,17,2302,0
10,7,17,2303,0
10,6,16,2304,0
15,6,21,2305,0
8,4,12,2306,0
9,5,14,2307,0
9,11,20,2308,0
12,7,19,2309,0
13,3,16,2310,0
8,3,11,2311,0
6,4,10,2312,0
13,11,24,2313,0
15,8,23,2314,0
11,6,17,2315,0
13,10,23,2316,0
10,3,13,2317,0
11,4,15,2318,0
9,5,14,2319,0
14,9,23,2320,0
11,3,14,2321,0
9,4,13,2322,0
15,12,27,2323,0
15,8,23,2324,0
13,8,21,2325,0
10,7,17,2326,0
6,6,12,2327,0
10,1,11,2328,0
3,2,5,2329,0
9,4,13,2330,0
8,8,16,2331,0
10,7,17,2332,0
8,3,11,2333,0
7,4,11,2334,0
17,2,19,2335,0
9,3,12,2336,0
8,5,13,2337,0
8,7,15,2338,0
6,5,11,2339,0
6,4,10,2340,0
11,11,22,2341,0
15,8,23,2342,0
6,7,13,2343,0
6,3,9,2344,0
10,12,22,2345,0
12,11,23,2346,0
18,7,25,2347,0
14,6,20,2348,0
8,3,11,2349,0
7,6,13,2350,0
7,5,12,2351,0
14,6,20,2352,0
8,7,15,2353,0
9,2,11,2354,0
12,3,15,2355,0
13,1,14,2356,0
13,4,17,2357,0
14,5,19,2358,0
10,4,14,2359,0
8,2,10,2360,0
10,12,22,2361,0
10,6,16,2362,0
2,2,4,2363,0
4,7,11,2364,0
10,6,16,2365,0
9,6,15,2366,0
11,3,14,2367,0
11,6,17,2368,0
17,16,33,2369,0
14,10,24,2370,0
10,5,15,2371,0
8,10,18,2372,0
16,4,20,2373,0
9,2,11,2374,0
10,11,21,2375,0
4,6,10,2376,0
14,10,24,2377,0
16,7,23,2378,0
14,8,22,2379,0
12,9,21,2380,0
7,3,10,2381,0
15,9,24,2382,0
13,5,18,2383,0
13,1,14,2384,0
8,5,13,2385,0
11,6,17,2386,0
14,4,18,2387,0
9,5,14,2388,0
7,4,11,2389,0
12,6,18,2390,0
5,2,7,2391,0
12,7,19,2392,0
13,9,22,2393,0
11,6,17,2394,0
11,5,16,2395,0
16,6,22,2396,0
10,3,13,2397,0
5,3,8,2398,0
21,6,27,2399,0
12,2,14,2400,0
17,7,24,2401,0
11,6,17,2402,0
9,6,15,2403,0
8,6,14,2404,0
14,3,17,2405,0
11,3,14,2406,0
9,1,10,2407,0
9,5,14,2408,0
7,8,15,2409,0
11,1,12,2410,0
7,4,11,2411,0
7,3,10,2412,0
4,6,10,2413,0
11,0,11,2414,0
13,10,23,2415,0
12,8,20,2416,0
9,9,18,2417,0
8,0,8,2418,0
11,6,17,2419,0
13,3,16,2420,0
8,4,12,2421,0
11,5,16,2422,0
14,3,17,2423,0
10,5,15,2424,0
11,4,15,2425,0
5,4,9,2426,0
9,5,14,2427,0
15,10,25,2428,0
10,6,16,2429,0
15,8,23,2430,0
6,5,11,2431,0
12,4,16,2432,0
14,3,17,2433,0
7,3,10,2434,0
13,16,29,2435,0
12,2,14,2436,0
14,8,22,2437,0
14,6,20,2438,0
6,1,7,2439,0
13,9,22,2440,0
9,7,16,2441,0
16,7,23,2442,0
8,2,10,2443,0
9,9,18,2444,0
9,5,14,2445,0
7,6,13,2446,0
11,7,18,2447,0
7,7,14,2448,0
14,12,26,2449,0
8,1,9,2450,0
7,4,11,2451,0
8,5,13,2452,0
9,4,13,2453,0
12,4,16,2454,0
11,10,21,2455,0
13,5,18,2456,0
10,11,21,2457,0
11,3,14,2458,0
7,8,15,2459,0
16,5,21,2460,0
8,12,20,2461,0
11,8,19,2462,0
13,5,18,2463,0
19,3,22,2464,0
9,2,11,2465,0
17,8,25,2466,0
8,1,9,2467,0
9,4,13,2468,0
12,7,19,2469,0
9,5,14,2470,0
11,9,20,2471,0
9,7,16,2472,0
13,4,17,2473,0
14,7,21,2474,0
6,2,8,2475,0
7,6,13,2476,0
23,8,31,2477,0
9,7,16,2478,0
9,3,12,2479,0
9,4,13,2480,0
16,3,19,2481,0
15,6,21,2482,0
6,6,12,2483,0
10,8,18,2484,0
9,9,18,2485,0
7,6,13,2486,0
10,2,12,2487,0
15,8,23,2488,0
10,3,13,2489,0
9,6,15,2490,0
13,8,21,2491,0
10,3,13,2492,0
12,8,20,2493,0
1,2,3,2494,0
8,2,10,2495,0
12,5,17,2496,0
12,11,23,2497,0
17,4,21,2498,0
8,5,13,2499,0
13,3,16,2500,0
9,4,13,2501,0
9,5,14,2502,0
12,7,19,2503,0
10,6,16,2504,0
11,1,12,2505,0
8,6,14,2506,0
9,13,22,2507,0
10,1,11,2508,0
10,4,14,2509,0
5,4,9,2510,0
11,5,16,2511,0
9,5,14,2512,0
11,9,20,2513,0
13,12,25,2514,0
13,4,17,2515,0
9,3,12,2516,0
7,2,9,2517,0
18,11,29,2518,0
7,5,12,2519,0
11,7,18,2520,0
9,4,13,2521,0
9,6,15,2522,0
9,11,20,2523,0
14,2,16,2524,0
10,1,11,2525,0
9,4,13,2526,0
8,5,13,2527,0
5,5,10,2528,0
18,7,25,2529,0
11,5,16,2530,0
8,2,10,2531,0
9,5,14,2532,0
12,5,17,2533,0
12,3,15,2534,0
16,7,23,2535,0
9,4,13,2536,0
19,8,27,2537,0
14,5,19,2538,0
11,4,15,2539,0
6,4,10,2540,0
10,5,15,2541,0
10,0,10,2542,0
15,3,18,2543,0
9,5,14,2544,0
9,8,17,2545,0
14,1,15,2546,0
6,8,14,2547,0
8,5,13,2548,0
13,4,17,2549,0
11,8,19,2550,0
9,3,12,2551,0
7,3,10,2552,0
4,7,11,2553,0
15,7,22,2554,0
11,12,23,2555,0
16,5,21,2556,0
11,2,13,2557,0
18,2,20,2558,0
6,3,9,2559,0
11,7,18,2560,0
13,6,19,2561,0
15,4,19,2562,0
3,5,8,2563,0
16,9,25,2564,0
8,4,12,2565,0
12,9,21,2566,0
10,5,15,2567,0
15,9,24,2568,0
6,4,10,2569,0
12,3,15,2570,0
13,5,18,2571,0
7,4,11,2572,0
8,2,10,2573,0
13,6,19,2574,0
10,3,13,2575,0
10,8,18,2576,0
9,3,12,2577,0
9,9,18,2578,0
14,8,22,2579,0
10,4,14,2580,0
11,7,18,2581,0
8,0,8,2582,0
10,3,13,2583,0
19,6,25,2584,0
12,5,17,2585,0
14,3,17,2586,0
8,3,11,2587,0
16,4,20,2588,0
8,3,11,2589,0
13,8,21,2590,0
9,7,16,2591,0
9,8,17,2592,0
8,5,13,2593,0
9,8,17,2594,0
5,3,8,2595,0
7,3,10,2596,0
10,5,15,2597,0
4,5,9,2598,0
10,4,14,2599,0
12,2,14,2600,0
8,6,14,2601,0
10,2,12,2602,0
13,6,19,2603,0
6,3,9,2604,0
12,3,15,2605,0
10,5,15,2606,0
12,1,13,2607,0
9,6,15,2608,0
7,1,8,2609,0
10,5,15,2610,0
10,3,13,2611,0
6,3,9,2612,0
8,3,11,2613,0
11,3,14,2614,0
11,5,16,2615,0
7,1,8,2616,0
11,5,16,2617,0
13,4,17,2618,0
7,5,12,2619,0
6,11,17,2620,0
13,8,21,2621,0
12,11,23,2622,0
8,9,17,2623,0
11,4,15,2624,0
11,11,22,2625,0
11,5,16,2626,0
6,7,13,2627,0
6,8,14,2628,0
14,6,20,2629,0
18,9,27,2630,0
12,7,19,2631,0
6,6,12,2632,0
14,8,22,2633,0
9,10,19,2634,0
16,7,23,2635,0
9,10,19,2636,0
10,6,16,2637,0
9,3,12,2638,0
17,2,19,2639,0
5,3,8,2640,0
14,5,19,2641,0
9,7,16,2642,0
12,3,15,2643,0
10,3,13,2644,0
8,6,14,2645,0
6,9,15,2646,0
16,9,25,2647,0
10,5,15,2648,0
6,5,11,2649,0
6,1,7,2650,0
13,8,21,2651,0
10,7,17,2652,0
11,9,20,2653,0
13,11,24,2654,0
9,1,10,2655,0
6,4,10,2656,0
9,5,14,2657,0
10,10,20,2658,0
7,3,10,2659,0
15,6,21,2660,0
10,6,16,2661,0
12,4,16,2662,0
8,1,9,2663,0
5,4,9,2664,0
8,5,13,2665,0
14,3,17,2666,0
9,9,18,2667,0
5,1,6,2668,0
5,8,13,2669,0
14,12,26,2670,0
13,8,21,2671,0
7,12,19,2672,0
14,6,20,2673,0
7,6,13,2674,0
13,9,22,2675,0
11,5,16,2676,0
15,4,19,2677,0
12,8,20,2678,0
11,1,12,2679,0
8,3,11,2680,0
12,8,20,2681,0
6,8,14,2682,0
13,6,19,2683,0
12,4,16,2684,0
9,8,17,2685,0
7,12,19,2686,0
14,4,18,2687,0
12,1,13,2688,0
13,6,19,2689,0
7,6,13,2690,0
7,7,14,2691,0
6,5,11,2692,0
12,5,17,2693,0
7,4,11,2694,0
9,5,14,2695,0
13,6,19,2696,0
6,4,10,2697,0
10,10,20,2698,0
2,3,5,2699,0
14,7,21,2700,0
13,3,16,2701,0
11,9,20,2702,0
10,8,18,2703,0
14,8,22,2704,0
9,2,11,2705,0
14,3,17,2706,0
13,10,23,2707,0
10,7,17,2708,0
9,7,16,2709,0
10,16,26,2710,0
10,4,14,2711,0
10,6,16,2712,0
19,8,27,2713,0
8,6,14,2714,0
5,1,6,2715,0
18,9,27,2716,0
11,5,16,2717,0
9,1,10,2718,0
8,3,11,2719,0
15,8,23,2720,0
10,6,16,2721,0
13,11,24,2722,0
10,7,17,2723,0
12,1,13,2724,0
9,2,11,2725,0
5,4,9,2726,0
9,14,23,2727,0
7,6,13,2728,0
12,11,23,2729,0
16,4,20,2730,0
10,8,18,2731,0
12,5,17,2732,0
8,5,13,2733,0
2,1,3,2734,0
14,13,27,2735,0
6,8,14,2736,0
10,3,13,2737,0
13,8,21,2738,0
8,5,13,2739,0
9,8,17,2740,0
10,7,17,2741,0
8,1,9,2742,0
13,3,16,2743,0
9,2,11,2744,0
8,4,12,2745,0
13,3,16,2746,0
8,4,12,2747,0
8,5,13,2748,0
10,4,14,2749,0
4,8,12,2750,0
6,4,10,2751,0
8,3,11,2752,0
13,7,20,2753,0
9,5,14,2754,0
10,4,14,2755,0
14,10,24,2756,0
14,7,21,2757,0
12,5,17,2758,0
8,4,12,2759,0
12,11,23,2760,0
12,2,14,2761,0
13,4,17,2762,0
13,7,20,2763,0
9,10,19,2764,0
10,7,17,2765,0
2,3,5,2766,0
16,8,24,2767,0
12,7,19,2768,0
12,5,17,2769,0
17,12,29,2770,0
9,6,15,2771,0
8,3,11,2772,0
11,7,18,2773,0
12,8,20,2774,0
8,2,10,2775,0
4,2,6,2776,0
10,3,13,2777,0
13,8,21,2778,0
13,9,22,2779,0
13,4,17,2780,0
11,7,18,2781,0
7,6,13,2782,0
7,4,11,2783,0
7,6,13,2784,0
10,8,18,2785,0
12,6,18,2786,0
11,4,15,2787,0
14,9,23,2788,0
8,7,15,2789,0
16,4,20,2790,0
12,7,19,2791,0
4,5,9,2792,0
10,6,16,2793,0
7,7,14,2794,0
19,6,25,2795,0
9,5,14,2796,0
7,6,13,2797,0
9,4,13,2798,0
10,9,19,2799,0
10,7,17,2800,0
16,3,19,2801,0
6,5,11,2802,0
7,1,8,2803,0
12,5,17,2804,0
10,5,15,2805,0
6,6,12,2806,0
9,6,15,2807,0
7,7,14,2808,0
14,0,14,2809,0
9,1,10,2810,0
5,4,9,2811,0
11,5,16,2812,0
6,3,9,2813,0
10,2,12,2814,0
12,5,17,2815,0
11,8,19,2816,0
10,5,15,2817,0
9,6,15,2818,0
14,2,16,2819,0
10,10,20,2820,0
10,6,16,2821,0
9,8,17,2822,0
9,6,15,2823,0
9,6,15,2824,0
9,5,14,2825,0
19,7,26,2826,0
13,1,14,2827,0
11,7,18,2828,0
10,2,12,2829,0
5,2,7,2830,0
8,9,17,2831,0
15,4,19,2832,0
6,6,12,2833,0
5,2,7,2834,0
3,7,10,2835,0
10,1,11,2836,0
11,4,15,2837,0
15,11,26,2838,0
14,11,25,2839,0
5,5,10,2840,0
18,3,21,2841,0
15,9,24,2842,0
12,7,19,2843,0
7,7,14,2844,0
12,2,14,2845,0
9,0,9,2846,0
18,13,31,2847,0
8,6,14,2848,0
6,2,8,2849,0
11,5,16,2850,0
9,3,12,2851,0
4,3,7,2852,0
8,6,14,2853,0
6,5,11,2854,0
7,3,10,2855,0
13,2,15,2856,0
11,2,13,2857,0
9,5,14,2858,0
10,7,17,2859,0
13,8,21,2860,0
10,6,16,2861,0
5,5,10,2862,0
8,4,12,2863,0
8,9,17,2864,0
6,1,7,2865,0
13,5,18,2866,0
6,4,10,2867,0
9,3,12,2868,0
7,3,10,2869,0
12,6,18,2870,0
14,8,22,2871,0
16,6,22,2872,0
11,10,21,2873,0
11,9,20,2874,0
8,3,11,2875,0
7,5,12,2876,0
15,8,23,2877,0
10,7,17,2878,0
9,2,11,2879,0
8,7,15,2880,0
11,4,15,2881,0
15,7,22,2882,0
6,3,9,2883,0
8,6,14,2884,0
13,9,22,2885,0
7,5,12,2886,0
6,1,7,2887,0
15,5,20,2888,0
7,5,12,2889,0
6,5,11,2890,0
11,7,18,2891,0
13,6,19,2892,0
9,5,14,2893,0
6,3,9,2894,0
9,8,17,2895,0
5,1,6,2896,0
11,3,14,2897,0
14,1,15,2898,0
8,6,14,2899,0
12,4,16,2900,0
7,3,10,2901,0
12,7,19,2902,0
14,7,21,2903,0
11,9,20,2904,0
11,4,15,2905,0
10,6,16,2906,0
7,4,11,2907,0
9,2,11,2908,0
5,2,7,2909,0
15,7,22,2910,0
11,5,16,2911,0
9,7,16,2912,0
7,5,12,2913,0
5,2,7,2914,0
11,4,15,2915,0
16,6,22,2916,0
18,5,23,2917,0
8,4,12,2918,0
13,6,19,2919,0
11,4,15,2920,0
11,4,15,2921,0
10,4,14,2922,0
12,3,15,2923,0
12,4,16,2924,0
9,8,17,2925,0
7,3,10,2926,0
16,5,21,2927,0
18,6,24,2928,0
11,7,18,2929,0
8,6,14,2930,0
7,7,14,2931,0
17,3,20,2932,0
9,4,13,2933,0
11,6,17,2934,0
11,6,17,2935,0
14,10,24,2936,0
9,5,14,2937,0
14,8,22,2938,0
13,5,18,2939,0
13,4,17,2940,0
13,2,15,2941,0
16,5,21,2942,0
10,5,15,2943,0
13,9,22,2944,0
9,5,14,2945,0
10,1,11,2946,0
11,13,24,2947,0
9,2,11,2948,0
13,8,21,2949,0
9,6,15,2950,0
9,7,16,2951,0
10,2,12,2952,0
9,7,16,2953,0
12,11,23,2954,0
8,5,13,2955,0
8,4,12,2956,0
15,9,24,2957,0
13,8,21,2958,0
15,4,19,2959,0
9,3,12,2960,0
17,7,24,2961,0
9,8,17,2962,0
7,3,10,2963,0
10,1,11,2964,0
8,6,14,2965,0
14,6,20,2966,0
14,15,29,2967,0
13,10,23,2968,0
15,7,22,2969,0
11,7,18,2970,0
10,4,14,2971,0
10,9,19,2972,0
12,5,17,2973,0
8,3,11,2974,0
14,3,17,2975,0
9,6,15,2976,0
12,8,20,2977,0
5,7,12,2978,0
12,5,17,2979,0
11,2,13,2980,0
10,5,15,2981,0
9,4,13,2982,0
9,2,11,2983,0
5,5,10,2984,0
12,10,22,2985,0
10,3,13,2986,0
9,5,14,2987,0
14,4,18,2988,0
9,3,12,2989,0
9,5,14,2990,0
10,10,20,2991,0
10,9,19,2992,0
8,2,10,2993,0
13,11,24,2994,0
15,7,22,2995,0
10,5,15,2996,0
9,4,13,2997,0
13,6,19,2998,0
17,9,26,2999,0
6,8,14,3000,0
9,5,14,3001,0
11,3,14,3002,0
15,9,24,3003,0
12,6,18,3004,0
13,6,19,3005,0
8,7,15,3006,0
12,4,16,3007,0
14,10,24,3008,0
8,6,14,3009,0
5,6,11,3010,0
9,3,12,3011,0
4,2,6,3012,0
5,1,6,3013,0
9,2,11,3014,0
10,4,14,3015,0
10,2,12,3016,0
10,9,19,3017,0
14,8,22,3018,0
22,8,30,3019,0
12,11,23,3020,0
7,3,10,3021,0
13,6,19,3022,0
19,7,26,3023,0
15,5,20,3024,0
11,4,15,3025,0
10,5,15,3026,0
14,2,16,3027,0
14,10,24,3028,0
13,11,24,3029,0
8,4,12,3030,0
7,4,11,3031,0
8,3,11,3032,0
8,3,11,3033,0
6,3,9,3034,0
9,6,15,3035,0
13,8,21,3036,0
5,4,9,3037,0
16,7,23,3038,0
11,3,14,3039,0
18,8,26,3040,0
13,5,18,3041,0
10,7,17,3042,0
13,4,17,3043,0
11,8,19,3044,0
21,7,28,3045,0
13,7,20,3046,0
7,6,13,3047,0
7,3,10,3048,0
5,7,12,3049,0
12,6,18,3050,0
6,5,11,3051,0
10,1,11,3052,0
15,9,24,3053,0
12,4,16,3054,0
8,5,13,3055,0
9,5,14,3056,0
7,7,14,3057,0
12,5,17,3058,0
13,3,16,3059,0
10,7,17,3060,0
12,6,18,3061,0
16,3,19,3062,0
9,8,17,3063,0
10,2,12,3064,0
9,2,11,3065,0
12,5,17,3066,0
10,8,18,3067,0
18,8,26,3068,0
9,6,15,3069,0
14,6,20,3070,0
17,7,24,3071,0
14,11,25,3072,0
8,4,12,3073,0
11,11,22,3074,0
7,3,10,3075,0
11,3,14,3076,0
14,8,22,3077,0
12,5,17,3078,0
9,6,15,3079,0
9,8,17,3080,0
4,4,8,3081,0
11,5,16,3082,0
12,6,18,3083,0
18,9,27,3084,0
12,1,13,3085,0
7,4,11,3086,0
10,4,14,3087,0
8,7,15,3088,0
14,6,20,3089,0
6,4,10,3090,0
14,4,18,3091,0
10,2,12,3092,0
9,10,19,3093,0
11,5,16,3094,0
9,11,20,3095,0
12,10,22,3096,0
5,4,9,3097,0
12,2,14,3098,0
10,4,14,3099,0
9,4,13,3100,0
11,6,17,3101,0
9,5,14,3102,0
12,6,18,3103,0
12,6,18,3104,0
12,6,18,3105,0
11,0,11,3106,0
12,5,17,3107,0
4,2,6,3108,0
10,10,20,3109,0
7,2,9,3110,0
8,7,15,3111,0
13,6,19,3112,0
12,7,19,3113,0
14,3,17,3114,0
10,11,21,3115,0
15,8,23,3116,0
8,10,18,3117,0
8,6,14,3118,0
9,1,10,3119,0
12,4,16,3120,0
14,4,18,3121,0
5,5,10,3122,0
14,7,21,3123,0
10,6,16,3124,0
15,10,25,3125,0
3,1,4,3126,0
8,3,11,3127,0
8,5,13,3128,0
17,6,23,3129,0
19,7,26,3130,0
14,9,23,3131,0
7,6,13,3132,0
11,4,15,3133,0
9,6,15,3134,0
12,9,21,3135,0
12,6,18,3136,0
6,7,13,3137,0
12,6,18,3138,0
17,4,21,3139,0
14,4,18,3140,0
14,7,21,3141,0
15,8,23,3142,0
8,15,23,3143,0
17,3,20,3144,0
15,8,23,3145,0
11,2,13,3146,0
12,8,20,3147,0
8,1,9,3148,0
7,9,16,3149,0
12,2,14,3150,0
11,2,13,3151,0
9,4,13,3152,0
11,10,21,3153,0
9,2,11,3154,0
18,13,31,3155,0
17,4,21,3156,0
4,6,10,3157,0
10,3,13,3158,0
19,4,23,3159,0
9,8,17,3160,0
13,3,16,3161,0
5,2,7,3162,0
11,10,21,3163,0
14,6,20,3164,0
13,3,16,3165,0
7,6,13,3166,0
5,4,9,3167,0
10,6,16,3168,0
7,1,8,3169,0
8,4,12,3170,0
14,3,17,3171,0
8,3,11,3172,0
15,7,22,3173,0
15,9,24,3174,0
14,3,17,3175,0
17,10,27,3176,0
8,4,12,3177,0
9,2,11,3178,0
8,3,11,3179,0
16,8,24,3180,0
14,4,18,3181,0
12,6,18,3182,0
7,7,14,3183,0
5,6,11,3184,0
9,4,13,3185,0
13,3,16,3186,0
11,7,18,3187,0
10,1,11,3188,0
10,4,14,3189,0
16,5,21,3190,0
4,1,5,3191,0
10,6,16,3192,0
11,5,16,3193,0
7,6,13,3194,0
6,4,10,3195,0
10,3,13,3196,0
12,6,18,3197,0
3,4,7,3198,0
7,6,13,3199,0
14,4,18,3200,0
17,4,21,3201,0
7,3,10,3202,0
14,7,21,3203,0
7,1,8,3204,0
7,3,10,3205,0
15,7,22,3206,0
7,5,12,3207,0
14,7,21,3208,0
8,8,16,3209,0
7,6,13,3210,0
11,6,17,3211,0
9,0,9,3212,0
9,6,15,3213,0
11,10,21,3214,0
19,2,21,3215,0
11,7,18,3216,0
12,5,17,3217,0
6,4,10,3218,0
11,7,18,3219,0
15,7,22,3220,0
14,7,21,3221,0
18,4,22,3222,0
13,9,22,3223,0
9,4,13,3224,0
12,2,14,3225,0
7,3,10,3226,0
6,4,10,3227,0
4,5,9,3228,0
14,10,24,3229,0
15,5,20,3230,0
8,4,12,3231,0
12,7,19,3232,0
7,5,12,3233,0
9,3,12,3234,0
15,5,20,3235,0
16,6,22,3236,0
9,5,14,3237,0
8,8,16,3238,0
15,15,30,3239,0
9,8,17,3240,0
15,4,19,3241,0
9,6,15,3242,0
8,11,19,3243,0
11,3,14,3244,0
13,6,19,3245,0
7,7,14,3246,0
11,6,17,3247,0
8,6,14,3248,0
15,7,22,3249,0
11,5,16,3250,0
13,8,21,3251,0
10,5,15,3252,0
8,4,12,3253,0
14,9,23,3254,0
11,6,17,3255,0
5,11,16,3256,0
10,3,13,3257,0
12,8,20,3258,0
13,6,19,3259,0
9,3,12,3260,0
8,2,10,3261,0
9,6,15,3262,0
7,3,10,3263,0
14,8,22,3264,0
7,9,16,3265,0
6,7,13,3266,0
16,3,19,3267,0
10,4,14,3268,0
6,3,9,3269,0
7,0,7,3270,0
7,9,16,3271,0
10,4,14,3272,0
10,2,12,3273,0
9,8,17,3274,0
15,10,25,3275,0
1,4,5,3276,0
14,8,22,3277,0
5,6,11,3278,0
16,5,21,3279,0
7,10,17,3280,0
11,9,20,3281,0
16,7,23,3282,0
12,7,19,3283,0
7,6,13,3284,0
7,5,12,3285,0
6,7,13,3286,0
14,11,25,3287,0
10,6,16,3288,0
11,4,15,3289,0
11,7,18,3290,0
11,11,22,3291,0
7,1,8,3292,0
16,9,25,3293,0
6,5,11,3294,0
9,3,12,3295,0
5,4,9,3296,0
10,9,19,3297,0
15,8,23,3298,0
11,10,21,3299,0
11,7,18,3300,0
14,3,17,3301,0
10,7,17,3302,0
10,10,20,3303,0
12,7,19,3304,0
16,4,20,3305,0
15,1,16,3306,0
11,6,17,3307,0
7,4,11,3308,0
7,2,9,3309,0
7,2,9,3310,0
10,4,14,3311,0
9,10,19,3312,0
4,4,8,3313,0
13,11,24,3314,0
10,2,12,3315,0
14,6,20,3316,0
5,7,12,3317,0
17,6,23,3318,0
9,4,13,3319,0
10,8,18,3320,0
9,5,14,3321,0
15,12,27,3322,0
13,7,20,3323,0
13,4,17,3324,0
9,10,19,3325,0
10,3,13,3326,0
12,6,18,3327,0
10,7,17,3328,0
17,11,28,3329,0
11,6,17,3330,0
6,4,10,3331,0
8,5,13,3332,0
10,5,15,3333,0
6,6,12,3334,0
13,10,23,3335,0
11,8,19,3336,0
9,4,13,3337,0
11,10,21,3338,0
10,11,21,3339,0
11,9,20,3340,0
14,6,20,3341,0
7,3,10,3342,0
11,2,13,3343,0
8,5,13,3344,0
15,4,19,3345,0
5,3,8,3346,0
9,3,12,3347,0
11,8,19,3348,0
15,0,15,3349,0
11,2,13,3350,0
6,5,11,3351,0
9,6,15,3352,0
11,3,14,3353,0
9,1,10,3354,0
6,3,9,3355,0
10,3,13,3356,0
11,4,15,3357,0
6,5,11,3358,0
10,8,18,3359,0
9,4,13,3360,0
7,6,13,3361,0
9,3,12,3362,0
8,6,14,3363,0
10,7,17,3364,0
9,5,14,3365,0
8,7,15,3366,0
9,11,20,3367,0
13,4,17,3368,0
11,5,16,3369,0
13,8,21,3370,0
9,5,14,3371,0
8,4,12,3372,0
13,5,18,3373,0
12,1,13,3374,0
11,5,16,3375,0
10,6,16,3376,0
9,3,12,3377,0
5,2,7,3378,0
14,7,21,3379,0
8,3,11,3380,0
12,4,16,3381,0
5,4,9,3382,0
16,10,26,3383,0
12,4,16,3384,0
16,2,18,3385,0
12,9,21,3386,0
11,3,14,3387,0
9,7,16,3388,0
11,4,15,3389,0
14,8,22,3390,0
12,3,15,3391,0
14,2,16,3392,0
8,2,10,3393,0
13,3,16,3394,0
16,8,24,3395,0
10,5,15,3396,0
9,12,21,3397,0
10,2,12,3398,0
6,5,11,3399,0
12,7,19,3400,0
11,4,15,3401,0
12,5,17,3402,0
11,4,15,3403,0
11,2,13,3404,0
17,7,24,3405,0
8,5,13,3406,0
7,5,12,3407,0
16,6,22,3408,0
11,7,18,3409,0
12,6,18,3410,0
15,6,21,3411,0
11,3,14,3412,0
15,6,21,3413,0
6,5,11,3414,0
5,3,8,3415,0
15,8,23,3416,0
10,6,16,3417,0
8,1,9,3418,0
10,3,13,3419,0
9,5,14,3420,0
13,3,16,3421,0
11,2,13,3422,0
16,4,20,3423,0
9,2,11,3424,0
14,5,19,3425,0
11,7,18,3426,0
10,6,16,3427,0
7,9,16,3428,0
10,7,17,3429,0
14,6,20,3430,0
12,10,22,3431,0
11,6,17,3432,0
12,5,17,3433,0
13,4,17,3434,0
7,7,14,3435,0
13,2,15,3436,0
13,4,17,3437,0
17,4,21,3438,0
12,4,16,3439,0
10,7,17,3440,0
14,4,18,3441,0
6,2,8,3442,0
14,8,22,3443,0
9,1,10,3444,0
8,8,16,3445,0
13,5,18,3446,0
8,5,13,3447,0
4,4,8,3448,0
11,2,13,3449,0
11,8,19,3450,0
12,6,18,3451,0
7,8,15,3452,0
7,2,9,3453,0
4,2,6,3454,0
16,10,26,3455,0
5,4,9,3456,0
5,5,10,3457,0
7,6,13,3458,0
8,7,15,3459,0
9,6,15,3460,0
8,1,9,3461,0
8,2,10,3462,0
13,5,18,3463,0
13,10,23,3464,0
12,4,16,3465,0
13,4,17,3466,0
7,2,9,3467,0
10,5,15,3468,0
13,9,22,3469,0
5,5,10,3470,0
4,5,9,3471,0
11,5,16,3472,0
13,9,22,3473,0
12,5,17,3474,0
6,3,9,3475,0
9,6,15,3476,0
7,6,13,3477,0
14,7,21,3478,0
15,5,20,3479,0
8,2,10,3480,0
15,16,31,3481,0
11,3,14,3482,0
8,11,19,3483,0
8,7,15,3484,0
13,9,22,3485,0
8,5,13,3486,0
8,7,15,3487,0
4,7,11,3488,0
2,7,9,3489,0
10,6,16,3490,0
11,1,12,3491,0
11,8,19,3492,0
6,5,11,3493,0
14,6,20,3494,0
11,2,13,3495,0
13,6,19,3496,0
10,8,18,3497,0
10,5,15,3498,0
8,7,15,3499,0
6,1,7,3500,0
14,10,24,3501,0
8,5,13,3502,0
12,1,13,3503,0
8,5,13,3504,0
4,4,8,3505,0
19,6,25,3506,0
8,6,14,3507,0
9,5,14,3508,0
9,8,17,3509,0
9,6,15,3510,0
9,5,14,3511,0
10,5,15,3512,0
10,3,13,3513,0
11,7,18,3514,0
6,5,11,3515,0
7,6,13,3516,0
13,8,21,3517,0
12,3,15,3518,0
12,6,18,3519,0
6,5,11,3520,0
7,4,11,3521,0
13,5,18,3522,0
10,6,16,3523,0
17,8,25,3524,0
20,8,28,3525,0
3,2,5,3526,0
9,7,16,3527,0
10,10,20,3528,0
10,1,11,3529,0
8,4,12,3530,0
10,7,17,3531,0
8,8,16,3532,0
6,4,10,3533,0
12,8,20,3534,0
9,1,10,3535,0
9,8,17,3536,0
9,6,15,3537,0
6,2,8,3538,0
13,7,20,3539,0
13,7,20,3540,0
20,8,28,3541,0
9,5,14,3542,0
16,10,26,3543,0
16,4,20,3544,0
8,4,12,3545,0
11,6,17,3546,0
8,7,15,3547,0
3,1,4,3548,0
13,2,15,3549,0
14,2,16,3550,0
11,2,13,3551,0
12,7,19,3552,0
17,6,23,3553,0
16,8,24,3554,0
12,7,19,3555,0
8,3,11,3556,0
7,11,18,3557,0
12,7,19,3558,0
12,3,15,3559,0
13,9,22,3560,0
11,3,14,3561,0
11,5,16,3562,0
10,8,18,3563,0
14,5,19,3564,0
7,2,9,3565,0
14,4,18,3566,0
10,7,17,3567,0
14,4,18,3568,0
9,7,16,3569,0
17,6,23,3570,0
17,4,21,3571,0
8,8,16,3572,0
7,8,15,3573,0
5,3,8,3574,0
14,8,22,3575,0
10,3,13,3576,0
10,5,15,3577,0
8,6,14,3578,0
10,7,17,3579,0
8,2,10,3580,0
12,7,19,3581,0
9,4,13,3582,0
7,14,21,3583,0
14,8,22,3584,0
8,3,11,3585,0
18,16,34,3586,0
11,10,21,3587,0
9,8,17,3588,0
11,4,15,3589,0
19,8,27,3590,0
9,2,11,3591,0
12,4,16,3592,0
17,6,23,3593,0
10,2,12,3594,0
8,9,17,3595,0
11,13,24,3596,0
8,6,14,3597,0
27,12,39,3598,0
5,1,6,3599,0
11,3,14,3600,0
5,1,6,3601,0
5,6,11,3602,0
13,8,21,3603,0
12,2,14,3604,0
7,6,13,3605,0
8,5,13,3606,0
13,7,20,3607,0
9,9,18,3608,0
12,5,17,3609,0
9,6,15,3610,0
9,3,12,3611,0
9,4,13,3612,0
14,4,18,3613,0
19,13,32,3614,0
13,2,15,3615,0
8,5,13,3616,0
7,3,10,3617,0
10,0,10,3618,0
7,6,13,3619,0
13,3,16,3620,0
8,8,16,3621,0
9,4,13,3622,0
12,7,19,3623,0
10,6,16,3624,0
19,5,24,3625,0
17,6,23,3626,0
7,10,17,3627,0
11,6,17,3628,0
13,4,17,3629,0
11,11,22,3630,0
16,3,19,3631,0
16,6,22,3632,0
12,2,14,3633,0
11,5,16,3634,0
10,3,13,3635,0
13,6,19,3636,0
7,3,10,3637,0
12,6,18,3638,0
12,5,17,3639,0
6,4,10,3640,0
18,2,20,3641,0
10,6,16,3642,0
7,2,9,3643,0
15,3,18,3644,0
15,6,21,3645,0
14,6,20,3646,0
18,9,27,3647,0
7,2,9,3648,0
9,4,13,3649,0
6,2,8,3650,0
12,13,25,3651,0
11,6,17,3652,0
7,5,12,3653,0
6,5,11,3654,0
12,5,17,3655,0
8,7,15,3656,0
16,6,22,3657,0
11,15,26,3658,0
9,5,14,3659,0
8,4,12,3660,0
12,8,20,3661,0
17,13,30,3662,0
7,1,8,3663,0
9,3,12,3664,0
7,7,14,3665,0
6,6,12,3666,0
12,3,15,3667,0
13,8,21,3668,0
5,8,13,3669,0
10,7,17,3670,0
13,5,18,3671,0
16,6,22,3672,0
9,3,12,3673,0
14,6,20,3674,0
10,7,17,3675,0
5,3,8,3676,0
13,4,17,3677,0
6,4,10,3678,0
7,10,17,3679,0
8,3,11,3680,0
7,3,10,3681,0
10,10,20,3682,0
6,4,10,3683,0
5,3,8,3684,0
12,6,18,3685,0
12,9,21,3686,0
11,3,14,3687,0
10,7,17,3688,0
11,10,21,3689,0
10,1,11,3690,0
8,4,12,3691,0
8,5,13,3692,0
6,6,12,3693,0
8,2,10,3694,0
7,5,12,3695,0
8,4,12,3696,0
7,9,16,3697,0
10,11,21,3698,0
10,1,11,3699,0
11,9,20,3700,0
7,1,8,3701,0
5,3,8,3702,0
5,4,9,3703,0
7,2,9,3704,0
12,3,15,3705,0
9,3,12,3706,0
8,2,10,3707,0
9,3,12,3708,0
10,2,12,3709,0
15,3,18,3710,0
10,2,12,3711,0
8,1,9,3712,0
7,9,16,3713,0
19,6,25,3714,0
12,2,14,3715,0
8,8,16,3716,0
5,4,9,3717,0
16,5,21,3718,0
10,3,13,3719,0
13,6,19,3720,0
8,4,12,3721,0
7,9,16,3722,0
9,11,20,3723,0
10,5,15,3724,0
7,3,10,3725,0
13,10,23,3726,0
12,1,13,3727,0
9,1,10,3728,0
11,6,17,3729,0
10,4,14,3730,0
7,3,10,3731,0
7,4,11,3732,0
11,7,18,3733,0
8,5,13,3734,0
9,5,14,3735,0
11,5,16,3736,0
8,8,16,3737,0
6,1,7,3738,0
12,10,22,3739,0
6,3,9,3740,0
15,5,20,3741,0
9,4,13,3742,0
11,7,18,3743,0
8,1,9,3744,0
7,3,10,3745,0
10,2,12,3746,0
13,5,18,3747,0
9,4,13,3748,0
15,5,20,3749,0
17,6,23,3750,0
5,5,10,3751,0
11,4,15,3752,0
7,3,10,3753,0
11,6,17,3754,0
9,8,17,3755,0
8,5,13,3756,0
12,10,22,3757,0
9,1,10,3758,0
7,5,12,3759,0
13,8,21,3760,0
11,6,17,3761,0
6,10,16,3762,0
12,3,15,3763,0
10,5,15,3764,0
10,4,14,3765,0
17,7,24,3766,0
12,6,18,3767,0
13,6,19,3768,0
9,9,18,3769,0
11,4,15,3770,0
8,3,11,3771,0
10,3,13,3772,0
12,3,15,3773,0
7,4,11,3774,0
6,3,9,3775,0
12,7,19,3776,0
9,6,15,3777,0
10,1,11,3778,0
10,1,11,3779,0
9,4,13,3780,0
13,2,15,3781,0
6,8,14,3782,0
15,5,20,3783,0
19,10,29,3784,0
12,6,18,3785,0
11,5,16,3786,0
15,5,20,3787,0
14,15,29,3788,0
6,5,11,3789,0
9,5,14,3790,0
8,7,15,3791,0
5,2,7,3792,0
11,4,15,3793,0
8,1,9,3794,0
6,5,11,3795,0
14,6,20,3796,0
14,9,23,3797,0
13,5,18,3798,0
2,2,4,3799,0
8,6,14,3800,0
12,6,18,3801,0
6,3,9,3802,0
9,4,13,3803,0
10,7,17,3804,0
15,6,21,3805,0
15,9,24,3806,0
10,10,20,3807,0
6,4,10,3808,0
4,2,6,3809,0
13,8,21,3810,0
9,10,19,3811,0
6,4,10,3812,0
15,6,21,3813,0
15,6,21,3814,0
6,5,11,3815,0
10,8,18,3816,0
11,4,15,3817,0
5,5,10,3818,0
12,8,20,3819,0
14,4,18,3820,0
9,3,12,3821,0
7,5,12,3822,0
4,0,4,3823,0
7,3,10,3824,0
7,2,9,3825,0
7,1,8,3826,0
11,5,16,3827,0
9,6,15,3828,0
7,3,10,3829,0
10,2,12,3830,0
11,0,11,3831,0
13,10,23,3832,0
7,7,14,3833,0
9,1,10,3834,0
11,6,17,3835,0
18,11,29,3836,0
14,4,18,3837,0
7,3,10,3838,0
15,5,20,3839,0
12,6,18,3840,0
9,5,14,3841,0
5,6,11,3842,0
5,6,11,3843,0
13,7,20,3844,0
6,6,12,3845,0
9,3,12,3846,0
12,6,18,3847,0
7,6,13,3848,0
9,6,15,3849,0
10,7,17,3850,0
7,4,11,3851,0
18,5,23,3852,0
11,6,17,3853,0
4,1,5,3854,0
8,7,15,3855,0
11,5,16,3856,0
7,8,15,3857,0
17,6,23,3858,0
5,1,6,3859,0
13,4,17,3860,0
8,4,12,3861,0
7,2,9,3862,0
10,3,13,3863,0
19,7,26,3864,0
7,2,9,3865,0
14,4,18,3866,0
20,6,26,3867,0
9,13,22,3868,0
6,6,12,3869,0
9,5,14,3870,0
11,5,16,3871,0
16,6,22,3872,0
8,7,15,3873,0
8,3,11,3874,0
7,7,14,3875,0
10,2,12,3876,0
14,8,22,3877,0
7,3,10,3878,0
17,5,22,3879,0
13,10,23,3880,0
6,5,11,3881,0
5,7,12,3882,0
13,9,22,3883,0
6,5,11,3884,0
14,5,19,3885,0
7,7,14,3886,0
11,9,20,3887,0
4,2,6,3888,0
4,5,9,3889,0
16,4,20,3890,0
10,6,16,3891,0
10,5,15,3892,0
10,6,16,3893,0
14,5,19,3894,0
8,2,10,3895,0
8,7,15,3896,0
12,5,17,3897,0
8,6,14,3898,0
10,6,16,3899,0
10,10,20,3900,0
12,2,14,3901,0
7,5,12,3902,0
13,2,15,3903,0
8,12,20,3904,0
12,6,18,3905,0
8,8,16,3906,0
24,3,27,3907,0
8,6,14,3908,0
12,2,14,3909,0
12,2,14,3910,0
5,5,10,3911,0
18,10,28,3912,0
8,7,15,3913,0
7,6,13,3914,0
13,3,16,3915,0
9,4,13,3916,0
6,1,7,3917,0
16,10,26,3918,0
19,7,26,3919,0
19,4,23,3920,0
14,6,20,3921,0
15,4,19,3922,0
17,13,30,3923,0
9,6,15,3924,0
10,11,21,3925,0
9,4,13,3926,0
6,6,12,3927,0
13,5,18,3928,0
10,9,19,3929,0
12,6,18,3930,0
16,9,25,3931,0
17,5,22,3932,0
14,5,19,3933,0
9,8,17,3934,0
6,2,8,3935,0
14,11,25,3936,0
8,4,12,3937,0
12,3,15,3938,0
10,5,15,3939,0
7,2,9,3940,0
11,8,19,3941,0
13,2,15,3942,0
15,9,24,3943,0
13,3,16,3944,0
12,10,22,3945,0
11,3,14,3946,0
13,7,20,3947,0
14,3,17,3948,0
16,11,27,3949,0
14,7,21,3950,0
9,6,15,3951,0
7,3,10,3952,0
11,2,13,3953,0
10,5,15,3954,0
13,4,17,3955,0
14,9,23,3956,0
7,5,12,3957,0
15,3,18,3958,0
12,8,20,3959,0
4,4,8,3960,0
8,4,12,3961,0
9,2,11,3962,0
8,3,11,3963,0
8,1,9,3964,0
10,14,24,3965,0
11,5,16,3966,0
10,3,13,3967,0
8,7,15,3968,0
8,4,12,3969,0
9,5,14,3970,0
8,2,10,3971,0
7,5,12,3972,0
9,3,12,3973,0
12,9,21,3974,0
12,10,22,3975,0
19,11,30,3976,0
10,4,14,3977,0
9,8,17,3978,0
11,3,14,3979,0
10,2,12,3980,0
8,3,11,3981,0
4,5,9,3982,0
11,9,20,3983,0
5,1,6,3984,0
11,6,17,3985,0
17,5,22,3986,0
5,3,8,3987,0
15,3,18,3988,0
10,8,18,3989,0
8,5,13,3990,0
13,5,18,3991,0
12,3,15,3992,0
10,4,14,3993,0
6,8,14,3994,0
5,1,6,3995,0
8,8,16,3996,0
15,5,20,3997,0
9,4,13,3998,0
9,4,13,3999,0
4,2,6,4000,0
10,12,22,4001,0
16,11,27,4002,0
12,8,20,4003,0
3,1,4,4004,0
10,6,16,4005,0
13,3,16,4006,0
11,3,14,4007,0
15,5,20,4008,0
8,3,11,4009,0
6,4,10,4010,0
8,0,8,4011,0
10,6,16,4012,0
12,7,19,4013,0
9,5,14,4014,0
16,7,23,4015,0
14,7,21,4016,0
6,4,10,4017,0
14,6,20,4018,0
11,8,19,4019,0
10,7,17,4020,0
15,7,22,4021,0
9,2,11,4022,0
7,2,9,4023,0
13,2,15,4024,0
10,4,14,4025,0
7,4,11,4026,0
7,2,9,4027,0
5,4,9,4028,0
3,2,5,4029,0
9,4,13,4030,0
12,2,14,4031,0
7,1,8,4032,0
9,2,11,4033,0
8,2,10,4034,0
11,6,17,4035,0
10,2,12,4036,0
5,2,7,4037,0
9,3,12,4038,0
8,9,17,4039,0
8,3,11,4040,0
11,8,19,4041,0
11,8,19,4042,0
15,4,19,4043,0
15,7,22,4044,0
7,3,10,4045,0
19,5,24,4046,0
10,8,18,4047,0
12,5,17,4048,0
6,0,6,4049,0
12,1,13,4050,0
8,2,10,4051,0
16,10,26,4052,0
9,11,20,4053,0
12,6,18,4054,0
8,7,15,4055,0
16,12,28,4056,0
9,8,17,4057,0
10,2,12,4058,0
13,5,18,4059,0
9,10,19,4060,0
4,5,9,4061,0
4,5,9,4062,0
16,4,20,4063,0
14,8,22,4064,0
11,13,24,4065,0
13,4,17,4066,0
6,2,8,4067,0
12,4,16,4068,0
10,5,15,4069,0
11,4,15,4070,0
10,7,17,4071,0
9,3,12,4072,0
12,8,20,4073,0
12,5,17,4074,0
10,3,13,4075,0
6,1,7,4076,0
11,7,18,4077,0
10,6,16,4078,0
11,6,17,4079,0
11,4,15,4080,0
9,1,10,4081,0
7,0,7,4082,0
11,4,15,4083,0
8,2,10,4084,0
11,5,16,4085,0
8,3,11,4086,0
9,3,12,4087,0
11,0,11,4088,0
14,6,20,4089,0
15,8,23,4090,0
9,0,9,4091,0
10,2,12,4092,0
25,8,33,4093,0
13,9,22,4094,0
15,7,22,4095,0
4,2,6,4096,0
12,7,19,4097,0
12,4,16,4098,0
13,4,17,4099,0
11,3,14,4100,0
16,8,24,4101,0
12,7,19,4102,0
13,7,20,4103,0
20,7,27,4104,0
16,12,28,4105,0
12,8,20,4106,0
10,7,17,4107,0
6,1,7,4108,0
3,1,4,4109,0
8,11,19,4110,0
13,5,18,4111,0
9,4,13,4112,0
12,7,19,4113,0
10,7,17,4114,0
11,7,18,4115,0
8,5,13,4116,0
9,3,12,4117,0
10,4,14,4118,0
10,5,15,4119,0
8,4,12,4120,0
15,7,22,4121,0
11,8,19,4122,0
14,3,17,4123,0
13,4,17,4124,0
7,3,10,4125,0
10,4,14,4126,0
16,6,22,4127,0
9,1,10,4128,0
9,7,16,4129,0
9,10,19,4130,0
11,6,17,4131,0
12,0,12,4132,0
9,9,18,4133,0
14,5,19,4134,0
7,3,10,4135,0
9,6,15,4136,0
17,1,18,4137,0
13,8,21,4138,0
13,10,23,4139,0
13,8,21,4140,0
6,4,10,4141,0
12,3,15,4142,0
17,3,20,4143,0
8,3,11,4144,0
9,5,14,4145,0
12,6,18,4146,0
8,5,13,4147,0
9,7,16,4148,0
6,2,8,4149,0
14,6,20,4150,0
7,8,15,4151,0
13,10,23,4152,0
11,7,18,4153,0
13,8,21,4154,0
12,5,17,4155,0
9,2,11,4156,0
10,6,16,4157,0
14,8,22,4158,0
9,2,11,4159,0
5,6,11,4160,0
15,2,17,4161,0
14,8,22,4162,0
9,11,20,4163,0
12,6,18,4164,0
9,2,11,4165,0
11,5,16,4166,0
8,7,15,4167,0
5,4,9,4168,0
5,3,8,4169,0
15,6,21,4170,0
8,4,12,4171,0
11,8,19,4172,0
6,5,11,4173,0
10,8,18,4174,0
7,3,10,4175,0
12,3,15,4176,0
11,3,14,4177,0
12,12,24,4178,0
14,6,20,4179,0
7,3,10,4180,0
9,7,16,4181,0
8,4,12,4182,0
11,5,16,4183,0
11,9,20,4184,0
8,6,14,4185,0
12,7,19,4186,0
9,7,16,4187,0
15,3,18,4188,0
11,3,14,4189,0
6,5,11,4190,0
3,0,3,4191,0
7,4,11,4192,0
10,4,14,4193,0
16,5,21,4194,0
9,4,13,4195,0
8,3,11,4196,0
12,3,15,4197,0
11,5,16,4198,0
4,3,7,4199,0
7,5,12,4200,0
11,4,15,4201,0
13,10,23,4202,0
11,8,19,4203,0
18,7,25,4204,0
8,4,12,4205,0
8,2,10,4206,0
9,5,14,4207,0
7,2,9,4208,0
10,1,11,4209,0
11,7,18,4210,0
5,4,9,4211,0
13,4,17,4212,0
12,3,15,4213,0
9,3,12,4214,0
16,8,24,4215,0
15,5,20,4216,0
15,9,24,4217,0
8,4,12,4218,0
7,4,11,4219,0
7,2,9,4220,0
14,5,19,4221,0
15,15,30,4222,0
13,6,19,4223,0
17,9,26,4224,0
9,5,14,4225,0
12,5,17,4226,0
15,5,20,4227,0
11,6,17,4228,0
9,9,18,4229,0
9,1,10,4230,0
14,3,17,4231,0
8,5,13,4232,0
10,3,13,4233,0
10,4,14,4234,0
9,10,19,4235,0
10,5,15,4236,0
6,7,13,4237,0
15,5,20,4238,0
12,6,18,4239,0
9,1,10,4240,0
8,4,12,4241,0
14,8,22,4242,0
12,0,12,4243,0
11,4,15,4244,0
14,3,17,4245,0
11,2,13,4246,0
11,4,15,4247,0
9,11,20,4248,0
10,7,17,4249,0
17,5,22,4250,0
9,4,13,4251,0
8,9,17,4252,0
10,2,12,4253,0
14,9,23,4254,0
19,4,23,4255,0
12,9,21,4256,0
10,2,12,4257,0
16,8,24,4258,0
3,3,6,4259,0
6,6,12,4260,0
14,6,20,4261,0
8,1,9,4262,0
13,4,17,4263,0
7,1,8,4264,0
10,2,12,4265,0
7,3,10,4266,0
6,5,11,4267,0
15,6,21,4268,0
3,6,9,4269,0
21,11,32,4270,0
13,6,19,4271,0
12,5,17,4272,0
12,6,18,4273,0
14,5,19,4274,0
4,9,13,4275,0
11,5,16,4276,0
10,9,19,4277,0
16,9,25,4278,0
13,9,22,4279,0
4,6,10,4280,0
20,11,31,4281,0
6,2,8,4282,0
12,7,19,4283,0
7,2,9,4284,0
13,7,20,4285,0
11,7,18,4286,0
8,9,17,4287,0
8,6,14,4288,0
17,10,27,4289,0
8,2,10,4290,0
6,4,10,4291,0
10,4,14,4292,0
5,7,12,4293,0
6,6,12,4294,0
7,4,11,4295,0
8,4,12,4296,0
14,4,18,4297,0
4,1,5,4298,0
6,2,8,4299,0
8,4,12,4300,0
9,4,13,4301,0
11,4,15,4302,0
11,8,19,4303,0
13,13,26,4304,0
10,6,16,4305,0
12,4,16,4306,0
13,3,16,4307,0
16,9,25,4308,0
6,7,13,4309,0
11,4,15,4310,0
10,4,14,4311,0
11,3,14,4312,0
8,6,14,4313,0
13,5,18,4314,0
5,3,8,4315,0
12,7,19,4316,0
8,7,15,4317,0
11,15,26,4318,0
10,4,14,4319,0
9,5,14,4320,0
13,14,27,4321,0
7,3,10,4322,0
9,4,13,4323,0
8,10,18,4324,0
8,3,11,4325,0
10,9,19,4326,0
7,6,13,4327,0
17,7,24,4328,0
7,8,15,4329,0
9,3,12,4330,0
5,6,11,4331,0
15,5,20,4332,0
22,5,27,4333,0
9,6,15,4334,0
6,8,14,4335,0
7,1,8,4336,0
8,4,12,4337,0
11,7,18,4338,0
13,6,19,4339,0
6,6,12,4340,0
10,0,10,4341,0
9,3,12,4342,0
8,2,10,4343,0
8,7,15,4344,0
5,4,9,4345,0
10,6,16,4346,0
11,8,19,4347,0
12,7,19,4348,0
9,2,11,4349,0
12,7,19,4350,0
9,1,10,4351,0
10,1,11,4352,0
10,2,12,4353,0
8,3,11,4354,0
9,5,14,4355,0
13,6,19,4356,0
12,3,15,4357,0
9,11,20,4358,0
12,3,15,4359,0
9,5,14,4360,0
9,6,15,4361,0
7,4,11,4362,0
9,6,15,4363,0
14,5,19,4364,0
10,5,15,4365,0
11,2,13,4366,0
15,2,17,4367,0
8,6,14,4368,0
10,3,13,4369,0
8,7,15,4370,0
6,4,10,4371,0
8,2,10,4372,0
9,7,16,4373,0
12,7,19,4374,0
16,12,28,4375,0
8,4,12,4376,0
10,8,18,4377,0
14,6,20,4378,0
9,7,16,4379,0
18,9,27,4380,0
10,5,15,4381,0
12,7,19,4382,0
15,12,27,4383,0
15,6,21,4384,0
8,7,15,4385,0
10,6,16,4386,0
14,9,23,4387,0
13,10,23,4388,0
11,5,16,4389,0
11,8,19,4390,0
14,6,20,4391,0
9,6,15,4392,0
10,6,16,4393,0
16,6,22,4394,0
16,10,26,4395,0
7,8,15,4396,0
13,6,19,4397,0
6,1,7,4398,0
10,5,15,4399,0
14,7,21,4400,0
8,2,10,4401,0
10,0,10,4402,0
14,5,19,4403,0
15,6,21,4404,0
10,5,15,4405,0
7,5,12,4406,0
9,5,14,4407,0
11,4,15,4408,0
8,2,10,4409,0
16,13,29,4410,0
7,2,9,4411,0
15,6,21,4412,0
13,10,23,4413,0
8,5,13,4414,0
8,5,13,4415,0
14,11,25,4416,0
9,3,12,4417,0
10,2,12,4418,0
17,6,23,4419,0
10,4,14,4420,0
10,9,19,4421,0
14,7,21,4422,0
5,0,5,4423,0
3,6,9,4424,0
8,3,11,4425,0
8,8,16,4426,0
7,6,13,4427,0
6,2,8,4428,0
8,5,13,4429,0
10,6,16,4430,0
11,6,17,4431,0
12,7,19,4432,0
9,9,18,4433,0
12,3,15,4434,0
9,4,13,4435,0
13,5,18,4436,0
7,6,13,4437,0
6,3,9,4438,0
5,5,10,4439,0
14,8,22,4440,0
6,6,12,4441,0
16,4,20,4442,0
19,6,25,4443,0
7,4,11,4444,0
10,4,14,4445,0
8,5,13,4446,0
12,5,17,4447,0
10,4,14,4448,0
9,5,14,4449,0
6,5,11,4450,0
9,5,14,4451,0
16,9,25,4452,0
4,1,5,4453,0
16,11,27,4454,0
10,9,19,4455,0
5,3,8,4456,0
11,4,15,4457,0
3,2,5,4458,0
12,9,21,4459,0
11,3,14,4460,0
9,3,12,4461,0
7,4,11,4462,0
11,6,17,4463,0
14,5,19,4464,0
8,10,18,4465,0
9,6,15,4466,0
6,2,8,4467,0
20,7,27,4468,0
5,5,10,4469,0
6,0,6,4470,0
14,5,19,4471,0
4,5,9,4472,0
13,12,25,4473,0
16,9,25,4474,0
10,9,19,4475,0
15,4,19,4476,0
9,6,15,4477,0
14,7,21,4478,0
10,0,10,4479,0
12,3,15,4480,0
4,6,10,4481,0
7,1,8,4482,0
11,10,21,4483,0
10,4,14,4484,0
18,8,26,4485,0
10,3,13,4486,0
13,9,22,4487,0
16,12,28,4488,0
14,6,20,4489,0
7,4,11,4490,0
11,3,14,4491,0
12,5,17,4492,0
10,4,14,4493,0
11,4,15,4494,0
14,11,25,4495,0
4,7,11,4496,0
10,8,18,4497,0
15,3,18,4498,0
10,9,19,4499,0
7,6,13,4500,0
